,消費者物價基本分類指數,,,,,,,,,,,,,,,
,,,,,,,,,,,,,,單位：民國105年=100,,
統計期,總指數,年增率(%),一.食物類,年增率(%),二.衣著類,年增率(%),三.居住類,年增率(%),四.交通及通訊類,年增率(%),五.醫藥保健類,年增率(%),六.教養娛樂類,年增率(%),七.雜項類,年增率(%)
101年,96.99,1.93,87.72,4.17,99.28,2.52,99.6,1.16,108.21,0.45,97.21,0.75,99.68,0.69,96.57,2.15
101年1月,96.37,2.36,86.61,4.54,95.77,1.96,98.72,1.24,106.78,-0.96,96.87,1.46,99.5,0.63,100.14,8.41
101年2月,95.09,0.24,84.79,2.13,91.86,1.66,98.61,0.73,106.86,-1.13,96.65,1.07,98.56,-1.42,95.39,-2.96
101年3月,95.21,1.25,84.89,3.1,89.9,2.03,98.81,1.09,107.07,-1.73,96.81,0.89,99,0.64,95.37,1.67
101年4月,96.09,1.44,84.64,2.12,105.91,5.7,98.79,0.94,109.17,0.14,97.08,0.65,99.37,0.93,96.38,2.38
101年5月,96.57,1.75,86.7,3.77,103.73,2.56,98.8,0.83,108.16,-0.49,96.98,0.48,99.65,1.54,96.07,2.22
101年6月,97.19,1.77,88,4.4,100.45,2.07,100.23,1.08,106.96,-1.33,97.26,0.54,99.93,1.24,96.78,1.79
101年7月,97.56,2.46,88.89,6.3,96.38,1.34,100.41,1.17,107.33,0.1,97.21,0.52,101.1,0.88,96.31,2.17
101年8月,98.51,3.42,91.59,8.69,93.27,2.77,100.61,1.27,109.12,1.91,97.19,0.37,100.78,0.92,96.17,1.82
101年9月,98.19,2.96,90.63,6.54,91.91,3.77,100.85,1.45,109.6,2.31,97.22,0.29,99.9,0.81,96.83,1.92
101年10月,98.12,2.34,89.32,4.24,110.33,2.8,99.78,1.39,109.59,2.51,97.49,0.68,100.01,0.94,95.95,1.93
101年11月,97.38,1.59,87.77,2.27,107.47,1.69,99.76,1.32,108.94,1.88,97.65,0.73,99.21,0.57,96.54,2.05
101年12月,97.62,1.61,88.76,1.86,104.35,1.78,99.77,1.34,108.97,2.26,98.05,1.25,99.1,0.52,96.95,2.74
102年,97.76,0.79,88.82,1.25,99.09,-0.19,100.51,0.91,108.69,0.44,98.21,1.03,100.01,0.33,97.07,0.52
102年1月,97.45,1.12,88.66,2.37,99.17,3.55,99.75,1.04,109.25,2.31,97.64,0.79,99.44,-0.06,96.68,-3.46
102年2月,97.91,2.97,87.25,2.9,95.27,3.71,99.91,1.32,110.6,3.5,97.83,1.22,102.3,3.79,100.8,5.67
102年3月,96.5,1.35,85.93,1.23,93.75,4.28,100.01,1.21,109.36,2.14,98.16,1.39,99.05,0.05,96.64,1.33
102年4月,97.1,1.05,86.6,2.32,103.81,-1.98,100,1.22,108.76,-0.38,98.08,1.03,99.62,0.25,96.96,0.6
102年5月,97.28,0.74,87.99,1.49,102.33,-1.35,100.01,1.22,108.31,0.14,98.2,1.26,99.23,-0.42,96.44,0.39
102年6月,97.77,0.6,88.41,0.47,100.13,-0.32,101.1,0.87,108.32,1.27,98.4,1.17,99.73,-0.2,97.27,0.51
102年7月,97.62,0.06,87.75,-1.28,97.09,0.74,101.15,0.74,108.01,0.63,98.4,1.22,101.19,0.09,96.57,0.27
102年8月,97.74,-0.78,88.48,-3.4,93.31,0.04,101.23,0.62,108.46,-0.6,98.44,1.29,100.87,0.09,96.84,0.7
102年9月,99.02,0.85,92.78,2.37,91.99,0.09,101.37,0.52,108.94,-0.6,98.42,1.23,100.65,0.75,97.22,0.4
102年10月,98.75,0.64,91.94,2.93,106.29,-3.66,100.39,0.61,108.26,-1.21,98.12,0.65,100,-0.01,96.07,0.13
102年11月,98.04,0.68,90.14,2.7,104.44,-2.82,100.53,0.77,107.88,-0.97,98.34,0.71,99.16,-0.05,96.33,-0.22
102年12月,97.95,0.34,89.95,1.34,101.54,-2.69,100.62,0.85,108.18,-0.72,98.49,0.45,98.82,-0.28,97.06,0.11
103年,98.93,1.2,92.15,3.75,100.36,1.28,101.39,0.88,107.39,-1.2,98.85,0.65,99.94,-0.07,98.36,1.33
103年1月,98.25,0.82,89.54,0.99,98.02,-1.16,100.52,0.77,108.27,-0.9,98.36,0.74,100.13,0.69,101.68,5.17
103年2月,97.87,-0.04,89.51,2.59,94.65,-0.65,100.61,0.7,108.27,-2.11,98.63,0.82,100.24,-2.01,97.77,-3.01
103年3月,98.05,1.61,90.8,5.67,92.76,-1.06,100.72,0.71,108.4,-0.88,98.83,0.68,98.97,-0.08,98.11,1.52
103年4月,98.71,1.66,91.06,5.15,105.39,1.52,100.75,0.75,108.14,-0.57,98.95,0.89,99.73,0.11,98.39,1.47
103年5月,98.86,1.62,91.79,4.32,104.27,1.9,100.76,0.75,108.18,-0.12,98.78,0.59,99.75,0.52,98.18,1.8
103年6月,99.37,1.64,91.77,3.8,102.35,2.22,102.27,1.16,108.52,0.18,99.06,0.67,100.27,0.54,98.75,1.52
103年7月,99.34,1.76,91.51,4.28,99.56,2.54,102.36,1.2,108.7,0.64,99.04,0.65,101.25,0.06,98.04,1.52
103年8月,99.77,2.08,93.43,5.59,95.85,2.72,102.71,1.46,108.4,-0.06,98.95,0.52,101.11,0.24,97.91,1.1
103年9月,99.72,0.71,94.09,1.41,94.94,3.21,102.74,1.35,107.48,-1.34,99.12,0.71,100.2,-0.45,98.55,1.37
103年10月,99.79,1.05,94.99,3.32,108.28,1.87,101.24,0.85,106.4,-1.72,98.75,0.64,99.93,-0.07,97.43,1.42
103年11月,98.88,0.86,93.43,3.65,105.49,1.01,101.13,0.6,105.1,-2.58,98.89,0.56,98.83,-0.33,97.67,1.39
103年12月,98.54,0.6,93.84,4.32,102.77,1.21,100.89,0.27,102.85,-4.93,98.8,0.31,98.82,0,97.78,0.74
104年,98.63,-0.3,95.03,3.13,99.8,-0.56,100.24,-1.13,101.13,-5.83,99.14,0.29,99.91,-0.03,98.63,0.27
104年1月,97.33,-0.94,93.53,4.46,99.16,1.16,98.34,-2.17,100.55,-7.13,98.91,0.56,98.61,-1.52,97.93,-3.69
104年2月,97.67,-0.2,92.27,3.08,95.24,0.62,98.48,-2.12,101.22,-6.51,98.84,0.21,101.01,0.77,102.39,4.73
104年3月,97.45,-0.61,92.1,1.43,93.49,0.79,100.29,-0.43,101.5,-6.37,99.09,0.26,98.97,0,98.39,0.29
104年4月,97.9,-0.82,92.42,1.49,104.8,-0.56,99.67,-1.07,101.68,-5.97,98.9,-0.05,99.57,-0.16,98.38,-0.01
104年5月,98.14,-0.73,92.6,0.88,103.08,-1.14,100.02,-0.73,102.87,-4.91,98.81,0.03,99.53,-0.22,98.42,0.24
104年6月,98.81,-0.56,93.49,1.87,100.75,-1.56,101.45,-0.8,102.61,-5.45,99.03,-0.03,100.25,-0.02,98.83,0.08
104年7月,98.71,-0.63,93.12,1.76,97.89,-1.68,101.61,-0.73,102.19,-5.99,99.18,0.14,101.36,0.11,98.09,0.05
104年8月,99.33,-0.44,96.3,3.07,95.23,-0.65,101.57,-1.11,101.05,-6.78,99.17,0.22,101.16,0.05,98.19,0.29
104年9月,100.01,0.29,99.63,5.89,94.34,-0.63,101.53,-1.18,100.3,-6.68,99.46,0.34,100.14,-0.06,98.56,0.01
104年10月,100.1,0.31,99.85,5.12,107.02,-1.16,99.89,-1.33,100.84,-5.23,99.37,0.63,100.13,0.2,97.43,0
104年11月,99.41,0.54,98.34,5.26,104.71,-0.74,100.02,-1.1,99.94,-4.91,99.32,0.43,99.2,0.37,98.3,0.65
104年12月,98.67,0.13,96.66,3.01,101.89,-0.86,100.03,-0.85,98.79,-3.95,99.54,0.75,98.98,0.16,98.65,0.89
105年,100,1.39,100,5.23,100,0.2,100,-0.24,100,-1.12,100,0.87,100,0.09,100,1.39
105年1月,98.12,0.81,96.09,2.74,97.57,-1.6,99.89,1.58,97.58,-2.95,99.49,0.59,99.01,0.41,98.16,0.23
105年2月,100.02,2.41,100.09,8.48,94.46,-0.82,99.89,1.43,97.88,-3.3,99.51,0.68,101.62,0.6,103.58,1.16
105年3月,99.41,2.01,100.05,8.63,93.52,0.03,99.92,-0.37,98.85,-2.61,99.76,0.68,99.1,0.13,99.42,1.05
105年4月,99.73,1.87,99.78,7.96,104.98,0.17,99.2,-0.47,99.25,-2.39,100.15,1.26,99.74,0.17,99.47,1.11
105年5月,99.35,1.23,97.99,5.82,103.11,0.03,99.2,-0.82,100.57,-2.24,99.94,1.14,99.66,0.13,100.02,1.63
105年6月,99.7,0.9,97.76,4.57,100.7,-0.05,100.69,-0.75,101.12,-1.45,100,0.98,99.71,-0.54,100.44,1.63
105年7月,99.93,1.24,98.27,5.53,98.24,0.36,100.76,-0.84,100.89,-1.27,99.92,0.75,101.15,-0.21,99.83,1.77
105年8月,99.89,0.56,98.81,2.61,96.29,1.11,100.75,-0.81,100.41,-0.63,100.16,1,100.83,-0.33,99.71,1.55
105年9月,100.35,0.34,100.49,0.86,95.59,1.32,100.83,-0.69,100.52,0.22,100.07,0.61,100.25,0.11,100.46,1.93
105年10月,101.8,1.7,105.07,5.23,107.92,0.84,99.59,-0.3,101.16,0.32,100.19,0.83,100.32,0.19,99.41,2.03
105年11月,101.37,1.97,104.64,6.41,105.1,0.37,99.64,-0.38,100.42,0.48,100.38,1.07,99.36,0.16,99.67,1.39
105年12月,100.34,1.69,100.96,4.45,102.52,0.62,99.64,-0.39,101.35,2.59,100.42,0.88,99.25,0.27,99.81,1.18
106年,100.62,0.62,99.63,-0.37,99.76,-0.24,100.86,0.86,101.81,1.81,101.71,1.71,100.29,0.29,101.9,1.9
106年1月,100.32,2.24,98.94,2.97,97.73,0.16,99.9,0.01,102.17,4.7,100.45,0.96,100.8,1.81,103.85,5.8
106年2月,99.96,-0.06,99.34,-0.75,94.71,0.26,99.95,0.06,102,4.21,100.83,1.33,100.12,-1.48,100.4,-3.07
106年3月,99.59,0.18,98.32,-1.73,93.89,0.4,100.11,0.19,101.67,2.85,101.2,1.44,99.57,0.47,100.68,1.27
106年4月,99.83,0.1,97.38,-2.41,104.12,-0.82,100.15,0.96,101.6,2.37,101.62,1.47,99.98,0.24,101.42,1.96
106年5月,99.94,0.59,97.95,-0.04,102.86,-0.24,100.18,0.99,101.16,0.59,101.95,2.01,99.95,0.29,101.82,1.8
106年6月,100.7,1,99.9,2.19,101.05,0.35,101.65,0.95,100.69,-0.43,102,2,100.23,0.52,100.48,0.04
106年7月,100.7,0.77,99.47,1.22,98.19,-0.05,101.66,0.89,100.99,0.1,102,2.08,101.47,0.32,100.4,0.57
106年8月,100.85,0.96,100.14,1.35,95.06,-1.28,101.86,1.1,101.43,1.02,102.06,1.9,101.2,0.37,100.39,0.68
106年9月,100.84,0.49,100.29,-0.2,94.39,-1.26,102.05,1.21,101.66,1.13,102.17,2.1,100.11,-0.14,101.28,0.82
106年10月,101.46,-0.33,101.01,-3.86,107.37,-0.51,100.87,1.29,102.31,1.14,102.03,1.84,100.44,0.12,102.67,3.28
106年11月,101.71,0.34,101.84,-2.68,104.97,-0.12,100.97,1.33,102.99,2.56,102.05,1.66,99.69,0.33,103.99,4.33
106年12月,101.56,1.22,101.02,0.06,102.78,0.25,100.95,1.31,103.07,1.7,102.16,1.73,99.95,0.71,105.41,5.61
107年,101.98,1.35,100.62,0.99,100.05,0.29,101.78,0.91,104.12,2.27,102.78,1.05,100.52,0.23,106.73,4.74
107年1月,101.21,0.89,99.75,0.82,99.56,1.87,100.93,1.03,103.86,1.65,102.24,1.78,99.34,-1.45,105.92,1.99
107年2月,102.16,2.2,100.29,0.96,96.42,1.81,101.02,1.07,104.29,2.25,102.52,1.68,101.94,1.82,109.37,8.93
107年3月,101.17,1.59,99.62,1.32,95.55,1.77,101.08,0.97,103.57,1.87,102.51,1.29,99.89,0.32,106.64,5.92
107年4月,101.83,2,100.01,2.7,104.17,0.05,101.15,1,103.92,2.28,102.71,1.07,100.21,0.23,106.95,5.45
107年5月,101.69,1.75,99.69,1.78,102.33,-0.52,101.33,1.15,103.78,2.59,102.24,0.28,100.15,0.2,107.14,5.22
107年6月,102.11,1.4,99.77,-0.13,100.68,-0.37,102.59,0.92,104.17,3.46,102.78,0.76,100.74,0.51,107.31,6.8
107年7月,102.47,1.76,100.37,0.9,98.45,0.26,102.62,0.94,105.39,4.36,103.15,1.13,101.96,0.48,106.8,6.37
107年8月,102.4,1.54,100.9,0.76,96.42,1.43,102.7,0.82,105.32,3.84,103.21,1.13,101.77,0.56,106.21,5.8
107年9月,102.57,1.72,102.77,2.47,96.14,1.85,102.83,0.76,104.58,2.87,103.12,0.93,100.41,0.3,106.41,5.07
107年10月,102.64,1.16,102.51,1.49,105.43,-1.81,101.75,0.87,104.86,2.49,103.03,0.98,100.54,0.1,105.66,2.91
107年11月,102.01,0.29,101.37,-0.46,103.82,-1.1,101.72,0.74,103.66,0.65,102.96,0.89,99.57,-0.12,105.98,1.91
107年12月,101.5,-0.06,100.39,-0.62,101.57,-1.18,101.68,0.72,102.02,-1.02,102.87,0.69,99.75,-0.2,106.41,0.95
108年,102.55,0.56,102.54,1.91,99.31,-0.74,102.42,0.63,102.61,-1.45,103.65,0.85,101.27,0.75,107.35,0.58
108年1月,101.39,0.18,100.56,0.81,97.93,-1.64,101.6,0.66,102.22,-1.58,103.16,0.9,99.71,0.37,106.46,0.51
108年2月,102.38,0.22,101.15,0.86,95.12,-1.35,101.88,0.85,102.81,-1.42,103.27,0.73,102.02,0.08,109.81,0.4
108年3月,101.74,0.56,101.07,1.46,94.93,-0.65,101.99,0.9,102.8,-0.74,103.59,1.05,100.13,0.24,107.21,0.53
108年4月,102.5,0.66,101.37,1.36,102.2,-1.89,102.1,0.94,103.68,-0.23,103.38,0.65,101.42,1.21,107.3,0.33
108年5月,102.64,0.93,102.27,2.59,101.27,-1.04,102.23,0.89,103.66,-0.12,103.19,0.93,101.16,1.01,107.23,0.08
108年6月,102.98,0.85,103.11,3.35,99.25,-1.42,103.26,0.65,102.93,-1.19,103.51,0.71,101.66,0.91,107.37,0.06
108年7月,102.86,0.38,102.05,1.67,97.26,-1.21,103.19,0.56,103.97,-1.35,103.74,0.57,102.64,0.67,106.92,0.11
108年8月,102.84,0.43,103.27,2.35,95.64,-0.81,103.18,0.47,102.75,-2.44,104.04,0.8,102.12,0.34,107.04,0.78
108年9月,103,0.42,104.78,1.96,95.25,-0.93,103.2,0.36,101.73,-2.73,104.05,0.9,101.32,0.91,107.63,1.15
108年10月,103.02,0.37,104.19,1.64,106.55,1.06,102.1,0.34,101.53,-3.18,103.83,0.78,101.47,0.93,106.9,1.17
108年11月,102.6,0.58,103.26,1.86,104.07,0.24,102.09,0.36,101.44,-2.14,104.08,1.09,100.77,1.21,107.05,1.01
108年12月,102.66,1.14,103.39,2.99,102.29,0.71,102.16,0.47,101.78,-0.24,103.94,1.04,100.86,1.11,107.31,0.85
109年,102.31,-0.23,103.23,0.67,100.52,1.22,102.71,0.28,98.64,-3.87,104.48,0.8,100.29,-0.97,108.4,0.98
109年1月,103.28,1.86,103.15,2.58,99.1,1.19,102.36,0.75,102.65,0.42,104.15,0.96,102.7,3,110.01,3.33
109年2月,102.17,-0.21,102.95,1.78,96.99,1.97,102.36,0.47,100.46,-2.29,104.04,0.75,100.5,-1.49,107.86,-1.78
109年3月,101.71,-0.03,102.7,1.61,95.92,1.04,102.43,0.43,98.37,-4.31,104.35,0.73,99.75,-0.38,108.04,0.77
109年4月,101.51,-0.97,102.66,1.27,103.93,1.69,102.23,0.13,94.83,-8.54,104.35,0.94,99.59,-1.8,107.95,0.61
109年5月,101.4,-1.21,102.58,0.3,102.04,0.76,102.23,0,94.81,-8.54,104.29,1.07,99.38,-1.76,108.16,0.87
109年6月,102.21,-0.75,103.07,-0.04,100.77,1.53,103.38,0.12,97.11,-5.65,104.81,1.26,100.07,-1.56,108.5,1.05
109年7月,102.34,-0.51,102.85,0.78,98.89,1.68,103.33,0.14,98.67,-5.1,104.66,0.89,100.53,-2.06,108.55,1.52
109年8月,102.5,-0.33,103.45,0.17,97.33,1.77,103.4,0.21,98.9,-3.75,104.82,0.75,100.69,-1.4,108.67,1.52
109年9月,102.4,-0.58,104.02,-0.73,96.65,1.47,103.4,0.19,98.34,-3.33,104.73,0.65,99.87,-1.43,108.61,0.91
109年10月,102.75,-0.26,103.9,-0.28,106.57,0.02,102.38,0.27,99.1,-2.39,104.46,0.61,100.41,-1.04,108.2,1.22
109年11月,102.69,0.09,103.66,0.39,104.58,0.49,102.44,0.34,99.93,-1.49,104.59,0.49,100.06,-0.7,108.21,1.08
109年12月,102.71,0.05,103.72,0.32,103.52,1.2,102.55,0.38,100.49,-1.27,104.51,0.55,99.96,-0.89,108.06,0.7
110年,104.32,1.96,105.75,2.44,102.31,1.78,103.65,0.92,104.63,6.07,104.72,0.23,101.5,1.21,108.82,0.39
110年1月,103.08,-0.19,104.4,1.21,101.11,2.03,102.66,0.29,102.09,-0.55,104.64,0.47,99.96,-2.67,108.47,-1.4
110年2月,103.58,1.38,103.36,0.4,98.37,1.42,103.01,0.64,102.84,2.37,104.55,0.49,102.43,1.92,110.92,2.84
110年3月,102.96,1.23,103.23,0.52,97.82,1.98,103.16,0.71,103.12,4.83,104.8,0.43,100.45,0.7,108.52,0.44
110年4月,103.64,2.1,103.29,0.61,105.35,1.37,103.15,0.9,103.78,9.44,104.76,0.39,101.36,1.78,108.87,0.85
110年5月,103.88,2.45,104.3,1.68,104.72,2.63,103.2,0.95,103.88,9.57,104.46,0.16,101.08,1.71,109.24,1
110年6月,104.08,1.83,105.31,2.17,103.16,2.37,103.28,-0.1,104.6,7.71,104.25,-0.53,101.06,0.99,108.73,0.21
110年7月,104.29,1.91,105.37,2.45,100.91,2.04,103.87,0.52,105.5,6.92,104.48,-0.17,101.36,0.83,108.71,0.15
110年8月,104.9,2.34,107.41,3.83,99.32,2.04,104.67,1.23,105.3,6.47,104.98,0.15,101.8,1.1,108.55,-0.11
110年9月,105.06,2.6,107.69,3.53,98.2,1.6,104.73,1.29,105.42,7.2,104.95,0.21,102.71,2.84,108.5,-0.1
110年10月,105.37,2.55,108.01,3.96,107.51,0.88,103.87,1.46,106.26,7.23,104.62,0.15,102.11,1.69,107.92,-0.26
110年11月,105.62,2.85,108.53,4.7,106.11,1.46,104.07,1.59,107.16,7.24,104.89,0.29,101.63,1.57,108.43,0.2
110年12月,105.41,2.63,108.11,4.23,105.09,1.52,104.13,1.54,105.62,5.1,105.26,0.72,101.99,2.03,108.99,0.86
111年1月,106.01,2.84,108.29,3.73,102.42,1.3,104.44,1.73,107.46,5.26,105.05,0.39,102.02,2.06,111.46,2.76
111年2月,106.02,2.36,108.83,5.29,101.03,2.7,104.53,1.48,107.96,4.98,105.21,0.63,103.02,0.58,109.73,-1.07
,,,,,,,,,,,,,,,,
,,,,,,,,,,,,,,,,
註解：,,,,,,,,,,,,,,,,
由於受查者延誤或更正報價，最近3個月資料均可能修正。,,,,,,,,,,,,,,,,
