年月,港口別,總計,進口貨,出口貨,國內貨
200101,國際商港,17401318,11343322,2829038,3228958
200101,高雄港,10321711,7250131,1824702,1246878
200101,臺中港,3217020,2318729,287290,611001
200101,基隆港,2153347,1280255,429653,443439
200101,花蓮港,1339840,343700,241793,754347
200101,蘇澳港,303601,114831,45600,143170
200101,安平港,65799,35676,0,30123
200101,臺北港,0,0,0,0
200102,國際商港,16704269,10858878,3225824,2619567
200102,高雄港,10318195,7383372,1972927,961896
200102,臺中港,3003046,2117631,391600,493815
200102,基隆港,1931021,1061677,495061,374283
200102,花蓮港,1074315,145862,304405,624048
200102,蘇澳港,293385,118150,59830,115405
200102,安平港,84307,32186,2001,50120
200102,臺北港,0,0,0,0
200103,國際商港,19072322,12353635,3469836,3248851
200103,高雄港,11139853,7996483,2083769,1059601
200103,臺中港,3366724,2280665,437523,648536
200103,基隆港,2545816,1505632,563310,476874
200103,花蓮港,1370583,202753,265814,902016
200103,蘇澳港,568932,333602,118380,116950
200103,安平港,80414,34500,1040,44874
200103,臺北港,0,0,0,0
200104,國際商港,20108602,13682099,3564691,2861812
200104,高雄港,11721480,8625213,2146855,949412
200104,臺中港,3650697,2577170,411415,662112
200104,基隆港,3071424,2119255,619807,332362
200104,花蓮港,1263512,175944,310899,776669
200104,蘇澳港,308820,119865,66371,122584
200104,安平港,92669,64652,9344,18673
200104,臺北港,0,0,0,0
200105,國際商港,19452389,13174572,3390106,2887711
200105,高雄港,10653290,7738988,1993501,920801
200105,臺中港,4052651,2995141,436809,620701
200105,基隆港,2828477,1896723,532383,399371
200105,花蓮港,1514786,362218,313533,839035
200105,蘇澳港,354404,144543,106450,103411
200105,安平港,48781,36959,7430,4392
200105,臺北港,0,0,0,0
200106,國際商港,17684070,11472496,3476442,2735132
200106,高雄港,10144609,7123205,2062162,959242
200106,臺中港,3218998,2323130,377493,518375
200106,基隆港,2305216,1358877,563162,383177
200106,花蓮港,1294615,244614,306416,743585
200106,蘇澳港,662495,382547,162352,117596
200106,安平港,58137,40123,4857,13157
200106,臺北港,0,0,0,0
200107,國際商港,19322573,12963781,3180104,3178688
200107,高雄港,11020221,7941106,1913638,1165477
200107,臺中港,4060964,3001180,388326,671458
200107,基隆港,2445568,1500409,545656,399503
200107,花蓮港,1342622,258730,290560,793332
200107,蘇澳港,336516,183682,39324,113510
200107,安平港,116682,78674,2600,35408
200107,臺北港,0,0,0,0
200108,國際商港,18046066,11431082,3146463,3468521
200108,高雄港,10243799,7093305,1941715,1208779
200108,臺中港,3135774,2164749,375110,595915
200108,基隆港,2826111,1714264,552795,559052
200108,花蓮港,1319268,239689,173827,905752
200108,蘇澳港,445886,196375,101130,148381
200108,安平港,75228,22700,1886,50642
200108,臺北港,0,0,0,0
200109,國際商港,18134560,12468586,2928868,2737106
200109,高雄港,10762995,7972604,1875914,914477
200109,臺中港,3919959,2943535,399761,576663
200109,基隆港,2131228,1228334,469624,433270
200109,花蓮港,1047287,244970,153431,648886
200109,蘇澳港,220747,69643,28470,122634
200109,安平港,52344,9500,1668,41176
200109,臺北港,0,0,0,0
200110,國際商港,19448376,12225320,3708405,3514651
200110,高雄港,11455583,8003239,2329183,1123161
200110,臺中港,3282770,2301497,435402,545871
200110,基隆港,2720595,1384816,630349,705430
200110,花蓮港,1473197,268216,291271,913710
200110,蘇澳港,393595,222430,22200,148965
200110,安平港,122636,45122,0,77514
200110,臺北港,0,0,0,0
200111,國際商港,16928426,10804994,2814861,3308571
200111,高雄港,9166242,6718423,1714631,733188
200111,臺中港,3158912,2132644,362121,664147
200111,基隆港,2574821,1429142,530509,615170
200111,花蓮港,1460592,204786,198258,1057548
200111,蘇澳港,486161,302690,7300,176171
200111,安平港,81698,17309,2042,62347
200111,臺北港,0,0,0,0
200112,國際商港,18981423,12302822,3262024,3416577
200112,高雄港,10971253,8104327,1982697,884229
200112,臺中港,3332231,2229119,443768,659344
200112,基隆港,2753338,1520727,571907,660704
200112,花蓮港,1426715,134058,258577,1034080
200112,蘇澳港,360006,226067,5075,128864
200112,安平港,137880,88524,0,49356
200112,臺北港,0,0,0,0
200201,國際商港,17314846,10469800,3449408,3395638
200201,高雄港,9682705,6661415,2128311,892979
200201,臺中港,2745910,1626973,475519,643418
200201,基隆港,2591608,1538636,538754,514218
200201,花蓮港,1614967,220877,290053,1104037
200201,蘇澳港,454865,265596,14375,174894
200201,安平港,224791,156303,2396,66092
200201,臺北港,0,0,0,0
200202,國際商港,15314504,10201241,2628845,2484418
200202,高雄港,8656439,6271726,1590868,793845
200202,臺中港,3014161,2286265,326314,401582
200202,基隆港,1880802,1118301,387953,374548
200202,花蓮港,1265288,264364,267325,733599
200202,蘇澳港,353406,170039,54795,128572
200202,安平港,144408,90546,1590,52272
200202,臺北港,0,0,0,0
200203,國際商港,20725927,13518962,3951283,3255682
200203,高雄港,11774140,8339528,2379428,1055184
200203,臺中港,3683286,2630496,478267,574523
200203,基隆港,2797969,1681417,657339,459213
200203,花蓮港,1839831,420763,427909,991159
200203,蘇澳港,421132,269308,6533,145291
200203,安平港,209569,177450,1807,30312
200203,臺北港,0,0,0,0
200204,國際商港,19389742,12920824,3602300,2866618
200204,高雄港,10756601,7816478,2125320,814803
200204,臺中港,3696350,2804362,429465,462523
200204,基隆港,2701752,1615164,623915,462673
200204,花蓮港,1565429,226852,412168,926409
200204,蘇澳港,457475,260665,9600,187210
200204,安平港,212135,197303,1832,13000
200204,臺北港,0,0,0,0
200205,國際商港,20569129,13844714,3413779,3310636
200205,高雄港,11033377,8027803,2100095,905479
200205,臺中港,4373216,3269275,444309,659632
200205,基隆港,2955079,1749041,617856,588182
200205,花蓮港,1577572,405337,233519,938716
200205,蘇澳港,379261,199622,18000,161639
200205,安平港,250624,193636,0,56988
200205,臺北港,0,0,0,0
200206,國際商港,20198677,13653694,3466464,3078519
200206,高雄港,11399989,8314655,2131891,953443
200206,臺中港,3875139,2982331,402263,490545
200206,基隆港,2815999,1578511,634325,603163
200206,花蓮港,1456493,324226,286119,846148
200206,蘇澳港,428854,278921,8344,141589
200206,安平港,222203,175050,3522,43631
200206,臺北港,0,0,0,0
200207,國際商港,20403367,13565035,3460351,3377981
200207,高雄港,11013381,7970625,2017803,1024953
200207,臺中港,3890178,2865366,405149,619663
200207,基隆港,2823799,1673113,629535,521151
200207,花蓮港,1924350,583037,326100,1015213
200207,蘇澳港,489269,246949,80050,162270
200207,安平港,262390,225945,1714,34731
200207,臺北港,0,0,0,0
200208,國際商港,20247558,13357785,3270933,3618840
200208,高雄港,11203370,8102084,2049397,1051889
200208,臺中港,3721034,2764673,372626,583735
200208,基隆港,2924018,1739165,619145,565708
200208,花蓮港,1600851,247611,163650,1189590
200208,蘇澳港,583225,340752,64500,177973
200208,安平港,215060,163500,1615,49945
200208,臺北港,0,0,0,0
200209,國際商港,21788548,15219299,3466695,3102554
200209,高雄港,11338045,8403207,2040297,894541
200209,臺中港,3951473,3068201,429621,453651
200209,基隆港,3842226,2749731,637072,455423
200209,花蓮港,1938763,573849,232418,1132496
200209,蘇澳港,479709,231757,125897,122055
200209,安平港,238332,192554,1390,44388
200209,臺北港,0,0,0,0
200210,國際商港,20895609,13929430,3515325,3450854
200210,高雄港,11009021,8018694,1990863,999464
200210,臺中港,3671381,2622883,426935,621563
200210,基隆港,3446804,2286693,665167,494944
200210,花蓮港,1851388,363692,350425,1137271
200210,蘇澳港,518738,298394,80014,140330
200210,安平港,398277,339074,1921,57282
200210,臺北港,0,0,0,0
200211,國際商港,20239380,13128583,3626996,3483801
200211,高雄港,11184120,8011423,2154174,1018523
200211,臺中港,3570918,2535843,449555,585520
200211,基隆港,2830453,1680168,633555,516730
200211,花蓮港,1953914,477983,344969,1130962
200211,蘇澳港,385513,168857,42682,173974
200211,安平港,314462,254309,2061,58092
200211,臺北港,0,0,0,0
200212,國際商港,19258926,12021061,3624685,3613180
200212,高雄港,10362337,7205336,2259245,897756
200212,臺中港,3417424,2415081,412657,589686
200212,基隆港,2931682,1633114,675240,623328
200212,花蓮港,1745376,259237,219832,1266307
200212,安平港,444723,365018,2203,77502
200212,蘇澳港,357384,143275,55508,158601
200212,臺北港,0,0,0,0
200301,國際商港,21880761,14937658,3527727,3415376
200301,高雄港,11564391,8491423,2111568,961400
200301,臺中港,4456816,3463257,453472,540087
200301,基隆港,3052906,1853670,567930,631306
200301,花蓮港,1812227,380499,360599,1071129
200301,蘇澳港,565595,362467,30000,173128
200301,安平港,428826,386342,4158,38326
200301,臺北港,0,0,0,0
200302,國際商港,16418390,10624927,3214218,2579245
200302,高雄港,9573153,6835584,1926044,811525
200302,臺中港,2749191,1991911,402279,355001
200302,基隆港,1955981,983606,560387,411988
200302,花蓮港,1283206,228555,240277,814374
200302,蘇澳港,514722,284677,83495,146550
200302,安平港,342137,300594,1736,39807
200302,臺北港,0,0,0,0
200303,國際商港,22131964,15057781,4037524,3036659
200303,高雄港,12084924,8729042,2460430,895452
200303,臺中港,4056589,3091510,465402,499677
200303,基隆港,3210977,2014413,705767,490797
200303,花蓮港,1815123,502631,330779,981713
200303,安平港,531327,479751,2106,49470
200303,蘇澳港,433024,240434,73040,119550
200303,臺北港,0,0,0,0
200304,國際商港,20898693,14869113,3326570,2703010
200304,高雄港,11353350,8243251,2204239,905860
200304,臺中港,4574585,3837085,370361,367139
200304,基隆港,2880560,1883657,563749,433154
200304,花蓮港,1194296,216259,138308,839729
200304,安平港,493185,452476,2222,38487
200304,蘇澳港,402717,236385,47691,118641
200304,臺北港,0,0,0,0
200305,國際商港,20631150,13599404,3635628,3396118
200305,高雄港,12433486,9059266,2340290,1033930
200305,臺中港,3423852,2557579,407436,458837
200305,基隆港,2591267,1345660,602198,643409
200305,花蓮港,1421740,77501,198047,1146192
200305,安平港,464368,413011,0,51357
200305,蘇澳港,296437,146387,87657,62393
200305,臺北港,0,0,0,0
200306,國際商港,19797461,12991723,3711188,3094550
200306,高雄港,10438460,7229987,2316494,891979
200306,臺中港,4039807,3138116,436060,465631
200306,基隆港,3005583,1823927,693474,488182
200306,花蓮港,1503026,262549,183943,1056534
200306,蘇澳港,442266,217065,79544,145657
200306,安平港,368319,320079,1673,46567
200306,臺北港,0,0,0,0
200307,國際商港,21183293,13764945,3911500,3506848
200307,高雄港,11806191,8244569,2448666,1112956
200307,臺中港,3842984,2898819,480892,463273
200307,基隆港,2954907,1733930,611071,609906
200307,花蓮港,1578435,214174,275236,1089025
200307,蘇澳港,678301,396453,91518,190330
200307,安平港,322475,277000,4117,41358
200307,臺北港,0,0,0,0
200308,國際商港,19287171,12214825,3707084,3365262
200308,高雄港,10274351,6914754,2261042,1098555
200308,臺中港,3807400,2983246,469796,354358
200308,基隆港,2925859,1662322,692377,571160
200308,花蓮港,1524918,194797,186350,1143771
200308,蘇澳港,416233,155406,95592,165235
200308,安平港,338410,304300,1927,32183
200308,臺北港,0,0,0,0
200309,國際商港,20941205,13917964,3919529,3103712
200309,高雄港,12609247,9204608,2526305,878334
200309,臺中港,3378722,2557167,443523,378032
200309,基隆港,2836884,1589961,660599,586324
200309,花蓮港,1413096,80060,180090,1152946
200309,蘇澳港,462009,277668,107189,77152
200309,安平港,241247,208500,1823,30924
200309,臺北港,0,0,0,0
200310,國際商港,20317537,12893684,3896338,3527515
200310,高雄港,11212975,7759180,2459516,994279
200310,臺中港,3762081,2746194,509428,506459
200310,基隆港,3014320,1682575,695030,636715
200310,花蓮港,1592019,219149,122793,1250077
200310,蘇澳港,415602,212986,107766,94850
200310,安平港,320540,273600,1805,45135
200310,臺北港,0,0,0,0
200311,國際商港,21582525,13844930,3807490,3930105
200311,高雄港,12433904,8597589,2414348,1421967
200311,臺中港,3957413,2951388,524031,481994
200311,基隆港,3104325,1760926,668672,674727
200311,花蓮港,1540393,180511,174516,1185366
200311,安平港,310913,242500,4939,63474
200311,蘇澳港,235577,112016,20984,102577
200311,臺北港,0,0,0,0
200312,國際商港,22305497,14036151,4114876,4154470
200312,高雄港,13047776,8888802,2584837,1574137
200312,臺中港,3593506,2424420,605319,563767
200312,基隆港,2947015,1715964,627732,603319
200312,花蓮港,1860323,351466,231349,1277508
200312,蘇澳港,517735,379193,61272,77270
200312,安平港,339142,276306,4367,58469
200312,臺北港,0,0,0,0
200401,國際商港,19889177,11710637,3716478,4462062
200401,高雄港,10953111,7350606,2354867,1247638
200401,臺中港,3610355,2553105,571452,485798
200401,基隆港,2571348,1347509,553034,670805
200401,花蓮港,1601227,169544,157936,1273747
200401,臺北港,565242,0,0,565242
200401,蘇澳港,362166,128673,75545,157948
200401,安平港,225728,161200,3644,60884
200402,國際商港,23935318,16296278,3903192,3735848
200402,高雄港,13970773,10418364,2467621,1084788
200402,臺中港,4676323,3881019,454300,341004
200402,基隆港,2706156,1418517,643437,644202
200402,花蓮港,1505344,221115,197702,1086527
200402,臺北港,452698,9759,0,442939
200402,蘇澳港,401921,195247,135615,71059
200402,安平港,222103,152257,4517,65329
200403,國際商港,24062759,15187120,4070580,4805059
200403,高雄港,13202126,9164556,2565304,1472266
200403,臺中港,4244313,3331842,466251,446220
200403,基隆港,3272118,1851913,683112,737093
200403,花蓮港,1762360,214319,175350,1372691
200403,蘇澳港,678758,383646,179011,116101
200403,臺北港,590652,4358,0,586294
200403,安平港,312432,236486,1552,74394
200404,國際商港,22205842,13570066,4086422,4549354
200404,高雄港,12108719,8198474,2602793,1307452
200404,臺中港,3993160,3039937,508996,444227
200404,基隆港,3146467,1749476,656529,740462
200404,花蓮港,1829702,243019,157099,1429584
200404,臺北港,515870,3553,0,512317
200404,蘇澳港,307789,94398,157479,55912
200404,安平港,304135,241209,3526,59400
200405,國際商港,24688570,15372906,4331762,4983902
200405,高雄港,13066766,8953869,2730469,1382428
200405,臺中港,4490029,3450833,574622,464574
200405,基隆港,3792714,2181510,711832,899372
200405,花蓮港,1847038,198927,183211,1464900
200405,臺北港,625608,6004,0,619604
200405,蘇澳港,484342,268173,128856,87313
200405,安平港,382073,313590,2772,65711
200406,國際商港,24351532,15708306,4078515,4564711
200406,高雄港,14197330,10186890,2649340,1361100
200406,臺中港,3965059,3043511,485130,436418
200406,基隆港,3211721,1758776,679184,773761
200406,花蓮港,1571887,108155,186954,1276778
200406,臺北港,583323,0,0,583323
200406,蘇澳港,419485,292404,75203,51878
200406,安平港,402727,318570,2704,81453
200407,國際商港,23262837,14275945,4091328,4895564
200407,高雄港,11558380,7457037,2795128,1306215
200407,臺中港,5051130,4148270,487863,414997
200407,基隆港,3108713,1627559,635548,845606
200407,花蓮港,2080780,386928,138392,1555460
200407,臺北港,646932,10912,0,636020
200407,安平港,412011,343560,2782,65669
200407,蘇澳港,404891,301679,31615,71597
200408,國際商港,23685992,15205417,4058959,4421616
200408,高雄港,12902924,9137772,2613697,1151455
200408,臺中港,4368797,3516060,485657,367080
200408,基隆港,3018676,1668517,657045,693114
200408,花蓮港,1737008,169473,135050,1432485
200408,臺北港,681867,19323,0,662544
200408,蘇澳港,526128,312236,164726,49166
200408,安平港,450592,382036,2784,65772
200409,國際商港,22965250,14559332,3947371,4458547
200409,高雄港,12724865,8828396,2546819,1349650
200409,臺中港,4067979,3241074,446136,380769
200409,基隆港,3017944,1664488,658077,695379
200409,花蓮港,1671470,254753,148800,1267917
200409,臺北港,594262,21849,0,572413
200409,蘇澳港,511177,228738,144914,137525
200409,安平港,377553,320034,2625,54894
200410,國際商港,23796173,15129268,3930019,4736886
200410,高雄港,13531464,9548057,2534123,1449284
200410,臺中港,4098709,3153581,487668,457460
200410,基隆港,3051180,1690221,627915,733044
200410,花蓮港,1723841,134732,209599,1379510
200410,臺北港,611469,13597,0,597872
200410,安平港,395666,326934,1534,67198
200410,蘇澳港,383844,262146,69180,52518
200411,國際商港,22344003,13249940,3932978,5161085
200411,高雄港,12053515,8196906,2447373,1409236
200411,臺中港,3581295,2440399,561342,579554
200411,基隆港,3149332,1711794,626050,811488
200411,花蓮港,1932748,266484,117752,1548512
200411,臺北港,682062,14752,0,667310
200411,蘇澳港,551721,271411,180457,99853
200411,安平港,393330,348194,4,45132
200412,國際商港,23449983,14669985,3701738,5078260
200412,高雄港,12197971,8496460,2404752,1296759
200412,臺中港,4645762,3766479,417582,461701
200412,基隆港,3172568,1734086,564319,874163
200412,花蓮港,1998697,126255,210018,1662424
200412,臺北港,693249,15750,0,677499
200412,蘇澳港,436229,241287,101865,93077
200412,安平港,305507,289668,3202,12637
200501,國際商港,25895078,16471832,4182576,5240670
200501,高雄港,14028995,9885616,2752173,1391206
200501,臺中港,4697221,3709117,498757,489347
200501,基隆港,3156774,1740455,645837,770482
200501,花蓮港,2174154,356346,148987,1668821
200501,臺北港,749835,23661,0,726174
200501,蘇澳港,628987,380917,132801,115269
200501,安平港,459112,375720,4021,79371
200502,國際商港,18258372,11178696,3263368,3816308
200502,高雄港,9582836,6314825,2239260,1028751
200502,臺中港,3717957,2956305,335730,425922
200502,基隆港,2146986,1232589,420520,493877
200502,花蓮港,1433496,168180,106000,1159316
200502,臺北港,571548,36215,0,535333
200502,蘇澳港,544765,255718,159661,129386
200502,安平港,260784,214864,2197,43723
200503,國際商港,23481416,14746157,4247011,4488248
200503,高雄港,13218971,9111352,2765393,1342226
200503,臺中港,4222626,3217304,489491,515831
200503,基隆港,3165302,1872814,652317,640171
200503,花蓮港,1703273,139506,200449,1363318
200503,臺北港,514502,37255,27,477220
200503,安平港,423107,367926,4584,50597
200503,蘇澳港,233635,0,134750,98885
200504,國際商港,22747901,14354562,4001113,4392226
200504,高雄港,11931546,8253930,2564352,1113264
200504,臺中港,3730216,2944864,393567,391785
200504,基隆港,3164008,1890715,641589,631704
200504,花蓮港,1897165,252159,199868,1445138
200504,蘇澳港,907812,583736,198723,125353
200504,臺北港,669708,54319,226,615163
200504,安平港,447446,374839,2788,69819
200505,國際商港,23922944,14835357,4217934,4869653
200505,高雄港,12759499,8728183,2768781,1262535
200505,臺中港,4422758,3556054,447883,418821
200505,基隆港,3105697,1688911,684902,731884
200505,花蓮港,1976563,203352,193547,1579664
200505,臺北港,790340,73600,220,716520
200505,安平港,489903,429048,2367,58488
200505,蘇澳港,378184,156209,120234,101741
200506,國際商港,23315890,14296682,4463994,4555214
200506,高雄港,12248572,8064524,3080546,1103502
200506,臺中港,4287561,3428040,471943,387578
200506,基隆港,3540493,2143205,626794,770494
200506,花蓮港,1868128,244466,144973,1478689
200506,臺北港,719466,61285,41,658140
200506,安平港,402306,355162,3274,43870
200506,蘇澳港,249364,0,136423,112941
200507,國際商港,21591765,13247526,4041203,4303036
200507,高雄港,11385580,7666092,2629408,1090080
200507,臺中港,3941354,3081894,467086,392374
200507,基隆港,2968867,1724439,601607,642821
200507,花蓮港,1694815,137344,146355,1411116
200507,臺北港,688885,110303,325,578257
200507,蘇澳港,556954,229006,193675,134273
200507,安平港,355310,298448,2747,54115
200508,國際商港,20781525,12403873,3820214,4557438
200508,高雄港,9973394,6268663,2410121,1294610
200508,臺中港,4123423,3378276,440099,305048
200508,基隆港,3270389,1815856,606672,847861
200508,花蓮港,1842002,265809,169561,1406632
200508,臺北港,713904,174682,708,538514
200508,蘇澳港,666167,367066,190037,109064
200508,安平港,192246,133521,3016,55709
200509,國際商港,21529687,12983739,3827322,4718626
200509,高雄港,10773872,6948461,2571564,1253847
200509,臺中港,3979552,3131916,417348,430288
200509,基隆港,3428138,1966426,605804,855908
200509,花蓮港,1625696,84826,94700,1446170
200509,臺北港,867631,336937,130,530564
200509,蘇澳港,686026,422321,135028,128677
200509,安平港,168772,92852,2748,73172
200510,國際商港,21904141,13266088,4116110,4521943
200510,高雄港,10808959,6804182,2627233,1377544
200510,臺中港,4705781,3858468,433703,413610
200510,基隆港,3298442,1797993,676979,823470
200510,花蓮港,1544311,72741,224776,1246794
200510,臺北港,878446,400373,27,478046
200510,蘇澳港,556348,279250,148969,128129
200510,安平港,111854,53081,4423,54350
200511,國際商港,21252637,12262686,3948355,5041596
200511,高雄港,10194816,6354823,2573382,1266611
200511,臺中港,4558415,3532190,460091,566134
200511,基隆港,3177044,1635725,658295,883024
200511,花蓮港,1710892,70695,107891,1532306
200511,臺北港,999824,424494,258,575072
200511,蘇澳港,474993,207457,145438,122098
200511,安平港,136653,37302,3000,96351
200512,國際商港,21169141,12317337,3885392,4966412
200512,高雄港,11013291,7110950,2557993,1344348
200512,臺中港,3869933,2854508,446845,568580
200512,基隆港,2966252,1445767,616455,904030
200512,花蓮港,1751618,100558,153700,1497360
200512,臺北港,971206,489455,264,481487
200512,蘇澳港,488378,295729,106948,85701
200512,安平港,108463,20370,3187,84906
200601,國際商港,19640822,11386639,3383316,4870867
200601,高雄港,9621814,6200862,2174748,1246204
200601,臺中港,3571657,2582071,454174,535412
200601,基隆港,3098089,1645804,550331,901954
200601,花蓮港,1602684,27565,82065,1493054
200601,臺北港,1057093,533664,0,523429
200601,蘇澳港,485786,265898,117160,102728
200601,安平港,203699,130775,4838,68086
200602,國際商港,19943594,11920246,3703647,4319701
200602,高雄港,10713940,7068372,2382970,1262598
200602,臺中港,3736392,2817296,423375,495721
200602,基隆港,2547537,1280292,553172,714073
200602,花蓮港,1515877,146379,157390,1212108
200602,臺北港,761583,320394,0,441189
200602,蘇澳港,444878,134498,183710,126670
200602,安平港,223387,153015,3030,67342
200603,國際商港,22606613,13728398,3807411,5070804
200603,高雄港,10952636,7009043,2452618,1490975
200603,臺中港,5040489,4088815,468499,483175
200603,基隆港,2915391,1511316,628084,775991
200603,花蓮港,1656748,42734,70886,1543128
200603,臺北港,1111713,557631,127,553955
200603,蘇澳港,743700,412831,184150,146719
200603,安平港,185936,106028,3047,76861
200604,國際商港,22111708,13486095,4092869,4532744
200604,高雄港,11318481,7200842,2679626,1438013
200604,臺中港,4509376,3555293,466592,487491
200604,基隆港,3085184,1771639,628357,685188
200604,花蓮港,1462063,58777,168698,1234588
200604,臺北港,1021763,534781,80,486902
200604,蘇澳港,471943,196900,145530,129513
200604,安平港,242898,167863,3986,71049
200605,國際商港,24388210,15402979,4290486,4694745
200605,高雄港,12905705,8509127,2912728,1483850
200605,臺中港,4945671,4078032,465288,402351
200605,基隆港,3066547,1688545,660728,717274
200605,花蓮港,1534531,64391,143141,1326999
200605,臺北港,1221844,665140,776,555928
200605,蘇澳港,476525,232478,107729,136318
200605,安平港,237387,165266,96,72025
200606,國際商港,22191611,14098149,3995177,4098285
200606,高雄港,11352290,7532167,2582862,1237261
200606,臺中港,4766075,3988565,469166,308344
200606,基隆港,2863020,1589067,601349,672604
200606,花蓮港,1496093,68987,180524,1246582
200606,臺北港,1061702,527116,1696,532890
200606,蘇澳港,379189,166802,159580,52807
200606,安平港,273242,225445,0,47797
200607,國際商港,21930859,13480345,4483552,3966962
200607,高雄港,11651815,7626992,2965048,1059775
200607,臺中港,3677205,2826940,460623,389642
200607,基隆港,3081117,1803528,612556,665033
200607,花蓮港,1535975,151521,242068,1142386
200607,臺北港,1226830,701504,1478,523848
200607,蘇澳港,518442,186082,199305,133055
200607,安平港,239475,183778,2474,53223
200608,國際商港,24458279,15718230,4142938,4597111
200608,高雄港,12862330,8716578,2719816,1425936
200608,臺中港,5274000,4337035,509664,427301
200608,基隆港,2924261,1573319,616739,734203
200608,花蓮港,1518045,71370,180428,1266247
200608,臺北港,1113287,565571,1165,546551
200608,蘇澳港,570140,316048,112010,142082
200608,安平港,196216,138309,3116,54791
200609,國際商港,23037508,14713709,3995228,4328571
200609,高雄港,12026854,8084289,2668649,1273916
200609,臺中港,3881982,3132676,387616,361690
200609,基隆港,2853759,1551537,590820,711402
200609,花蓮港,1725305,317237,208318,1199750
200609,臺北港,1152483,587906,3496,561081
200609,安平港,792978,733918,3028,56032
200609,蘇澳港,604147,306146,133301,164700
200610,國際商港,21582702,13081731,3867624,4633347
200610,高雄港,10919483,6970098,2576554,1372831
200610,臺中港,4384485,3490675,431932,461878
200610,基隆港,2870280,1613299,586760,670221
200610,花蓮港,1578896,41209,210476,1327211
200610,臺北港,1183429,629273,1957,552199
200610,蘇澳港,437781,220346,56200,161235
200610,安平港,208348,116831,3745,87772
200611,國際商港,22008865,13901195,3822900,4284770
200611,高雄港,10356898,6634151,2511195,1211552
200611,臺中港,5318848,4499402,491373,328073
200611,基隆港,3051468,1698946,614028,738494
200611,花蓮港,1510358,81250,190028,1239080
200611,臺北港,1152105,599842,1346,550917
200611,蘇澳港,382170,209937,13600,158633
200611,安平港,237018,177667,1330,58021
200612,國際商港,20303182,12131298,3972487,4199397
200612,高雄港,10399767,6441602,2564381,1393784
200612,臺中港,4295334,3339864,445113,510357
200612,基隆港,2550654,1324821,621942,603891
200612,花蓮港,1224065,40802,147385,1035878
200612,臺北港,912793,399297,834,512662
200612,蘇澳港,668796,403644,190048,75104
200612,安平港,251773,181268,2784,67721
200701,國際商港,25614886,16979298,4223074,4412514
200701,高雄港,13569378,9627259,2705212,1236907
200701,臺中港,4489499,3463711,481147,544641
200701,基隆港,2949580,1666846,665456,617278
200701,花蓮港,1772130,241428,271960,1258742
200701,臺北港,1296086,697305,965,597816
200701,安平港,979374,922960,3661,52753
200701,蘇澳港,558839,359789,94673,104377
200702,國際商港,19163162,12333810,3275317,3554035
200702,高雄港,10442295,7155797,2151466,1135032
200702,臺中港,3476072,2800741,325072,350259
200702,基隆港,2126473,1047045,424702,654726
200702,花蓮港,1307751,220030,213070,874651
200702,臺北港,924522,529495,425,394602
200702,安平港,472327,423887,4827,43613
200702,蘇澳港,413722,156815,155755,101152
200703,國際商港,22798535,14254079,4247067,4297389
200703,高雄港,12123642,8174900,2705135,1243607
200703,臺中港,4200166,3232132,491874,476160
200703,基隆港,2706806,1448049,702208,556549
200703,花蓮港,1683551,175472,257210,1250869
200703,臺北港,915804,337278,505,578021
200703,安平港,733516,663990,12585,56941
200703,蘇澳港,435050,222258,77550,135242
200704,國際商港,24342960,15299638,4562325,4480997
200704,高雄港,14109581,9999318,2862804,1247459
200704,臺中港,3853998,2880368,502466,471164
200704,基隆港,2551748,1247380,653727,650641
200704,花蓮港,1908366,278906,315930,1313530
200704,臺北港,713889,108916,595,604378
200704,蘇澳港,692453,330265,221928,140260
200704,安平港,512925,454485,4875,53565
200705,國際商港,22829718,13649138,4309428,4871152
200705,高雄港,12298900,8164445,2838525,1295930
200705,臺中港,4439781,3433080,487591,519110
200705,基隆港,2633526,1167791,657166,808569
200705,花蓮港,1653685,51222,215565,1386898
200705,臺北港,930782,313953,861,615968
200705,安平港,503313,444191,11045,48077
200705,蘇澳港,369731,74456,98675,196600
200706,國際商港,22386185,14122991,4243119,4020075
200706,高雄港,12404417,8393337,2815986,1195094
200706,臺中港,4165715,3393913,488032,283770
200706,基隆港,2469705,1245503,632164,592038
200706,花蓮港,1459851,197506,163455,1098890
200706,臺北港,942812,334224,762,607826
200706,蘇澳港,502239,167740,128500,205999
200706,安平港,441446,390768,14220,36458
200707,國際商港,24305954,15718725,4508630,4078599
200707,高雄港,12453386,8457604,2891656,1104126
200707,臺中港,5511777,4524414,626758,360605
200707,基隆港,2668126,1356478,646570,665078
200707,花蓮港,1570990,182371,167252,1221367
200707,臺北港,985993,424648,1144,560201
200707,蘇澳港,623114,321310,168450,133354
200707,安平港,492568,451900,6800,33868
200708,國際商港,22235644,14208619,4393173,3633852
200708,高雄港,12229281,8265137,2967010,997134
200708,臺中港,4580699,3672381,475216,433102
200708,基隆港,2409895,1170422,608291,631182
200708,花蓮港,1490143,272345,239040,978758
200708,臺北港,838169,389697,799,447673
200708,安平港,355960,325562,11727,18671
200708,蘇澳港,331497,113075,91090,127332
200709,國際商港,23252185,15105558,4166540,3980087
200709,高雄港,12831588,8644263,2779077,1408248
200709,臺中港,4388345,3574636,503771,309938
200709,基隆港,2661091,1392227,631142,637722
200709,花蓮港,1458727,264921,131101,1062705
200709,臺北港,937542,558364,1153,378025
200709,蘇澳港,510816,258554,109380,142882
200709,安平港,464076,412593,10916,40567
200710,國際商港,22356715,13817449,4503068,4036198
200710,高雄港,11805843,7525137,2995546,1285160
200710,臺中港,4701020,3704733,527380,468907
200710,基隆港,2604702,1246879,641411,716412
200710,花蓮港,1528770,206947,261174,1060649
200710,臺北港,720232,469053,666,250513
200710,蘇澳港,555041,280144,65733,209164
200710,安平港,441107,384556,11158,45393
200711,國際商港,21574374,13745479,4003069,3825826
200711,高雄港,11707698,7795253,2605016,1307429
200711,臺中港,4731609,3795747,499864,435998
200711,基隆港,2369832,1088262,613473,668097
200711,花蓮港,1351323,195175,218869,937279
200711,臺北港,679200,412717,5322,261161
200711,蘇澳港,499476,263886,54200,181390
200711,安平港,235236,194439,6325,34472
200712,國際商港,23290875,14463870,4374808,4452197
200712,高雄港,13249017,9077447,2894326,1277244
200712,臺中港,3899339,2793428,559545,546366
200712,基隆港,2788737,1390843,611002,786892
200712,花蓮港,1556326,108750,233696,1213880
200712,臺北港,749816,418065,394,331357
200712,安平港,638986,574154,13045,51787
200712,蘇澳港,408654,101183,62800,244671
200801,國際商港,23512248,14916238,4283616,4312394
200801,高雄港,12919704,8574116,2928751,1416837
200801,臺中港,3850400,2832250,495376,522774
200801,基隆港,2936582,1620128,596382,720072
200801,花蓮港,1674743,355761,152818,1166164
200801,臺北港,904603,553314,6331,344958
200801,安平港,613791,557284,10303,46204
200801,蘇澳港,612425,423385,93655,95385
200802,國際商港,19006464,12350105,3377127,3279232
200802,高雄港,11109699,7463643,2384367,1261689
200802,臺中港,3487868,2849627,325348,312893
200802,基隆港,1896393,861819,430154,604420
200802,花蓮港,1043972,143508,174160,726304
200802,臺北港,686814,457596,1458,227760
200802,蘇澳港,469474,296363,53300,119811
200802,安平港,312244,277549,8340,26355
200803,國際商港,26092159,17324297,4715867,4051995
200803,高雄港,14712088,10372196,2928492,1411400
200803,臺中港,4984436,4043381,540298,400757
200803,基隆港,2762230,1379023,676503,706704
200803,花蓮港,1589962,216762,334180,1039020
200803,臺北港,902707,560913,1203,340591
200803,安平港,693830,626655,13791,53384
200803,蘇澳港,446906,125367,221400,100139
200804,國際商港,24043849,15841671,4156126,4046052
200804,高雄港,13319255,8979934,2834114,1505207
200804,臺中港,4632700,3742826,449749,440125
200804,基隆港,2510316,1322306,611034,576976
200804,花蓮港,1595367,347728,177120,1070519
200804,臺北港,750576,452823,2709,295044
200804,安平港,710057,653265,11550,45242
200804,蘇澳港,525578,342789,69850,112939
200805,國際商港,24385745,15765837,4022095,4597813
200805,高雄港,13678251,9062929,2724063,1891259
200805,臺中港,4986932,4024069,487066,475797
200805,基隆港,2786961,1435627,619064,732270
200805,花蓮港,1296069,96243,113588,1086238
200805,臺北港,731760,446108,958,284694
200805,安平港,698517,645959,13738,38820
200805,蘇澳港,207255,54902,63618,88735
200806,國際商港,21913527,14209051,4127504,3576972
200806,高雄港,11931480,8225313,2671590,1034577
200806,臺中港,4209654,3236005,472854,500795
200806,基隆港,2686619,1436105,637670,612844
200806,花蓮港,1503090,240561,257434,1005095
200806,臺北港,761346,432369,970,328007
200806,安平港,481456,445675,12086,23695
200806,蘇澳港,339882,193023,74900,71959
200807,國際商港,22715197,15287645,3603360,3824192
200807,高雄港,12032474,8363888,2356106,1312480
200807,臺中港,5195747,4330450,430564,434733
200807,基隆港,2565857,1396392,557355,612110
200807,花蓮港,1288235,99686,130109,1058440
200807,臺北港,777007,460984,483,315540
200807,安平港,434990,389248,8294,37448
200807,蘇澳港,420887,246997,120449,53441
200808,國際商港,24531670,16798224,3764223,3969223
200808,高雄港,13885453,10119701,2421043,1344709
200808,臺中港,4373531,3532239,406604,434688
200808,基隆港,2768793,1528068,604233,636492
200808,花蓮港,1532420,293559,212310,1026551
200808,安平港,827090,777366,9481,40243
200808,臺北港,727481,365063,842,361576
200808,蘇澳港,416902,182228,109710,124964
200809,國際商港,20897033,14152984,3496030,3248019
200809,高雄港,11318513,7797633,2287564,1233316
200809,臺中港,4528128,3832140,366040,329948
200809,基隆港,2455328,1407015,548220,500093
200809,花蓮港,1123258,67679,237935,817644
200809,臺北港,666054,417942,1084,247028
200809,安平港,532390,497984,10115,24291
200809,蘇澳港,273362,132591,45072,95699
200810,國際商港,20991734,13005324,3688252,4298158
200810,高雄港,11366029,7479051,2204011,1682967
200810,臺中港,4009671,3173158,384729,451784
200810,基隆港,2267559,1155540,529961,582058
200810,花蓮港,1690066,233790,408939,1047337
200810,臺北港,765389,391621,571,373197
200810,蘇澳港,515488,238601,155549,121338
200810,安平港,377532,333563,4492,39477
200811,國際商港,19408088,12798395,3116959,3492734
200811,高雄港,10352287,7026579,2055154,1270554
200811,臺中港,4297358,3474637,452356,370365
200811,基隆港,2198138,1160688,467515,569935
200811,花蓮港,1082635,148369,50344,883922
200811,臺北港,603773,331334,1582,270857
200811,安平港,454166,415202,1808,37156
200811,蘇澳港,419731,241586,88200,89945
200812,國際商港,18681869,11732716,3393874,3555279
200812,高雄港,10103647,6832099,2099214,1172334
200812,臺中港,3646670,2603442,587129,456099
200812,基隆港,2060112,1053227,431415,575470
200812,花蓮港,1378528,237814,183429,957285
200812,臺北港,775317,511701,109,263507
200812,安平港,474764,421723,12667,40374
200812,蘇澳港,242831,72710,79911,90210
200901,國際商港,15890858,9845661,3137141,2908056
200901,高雄港,8179903,5149325,1989615,1040963
200901,臺中港,3362496,2566548,413891,382057
200901,基隆港,1679891,871947,358278,449666
200901,花蓮港,1039051,126449,222250,690352
200901,安平港,633268,603196,1125,28947
200901,臺北港,624650,437758,2475,184417
200901,蘇澳港,371599,90438,149507,131654
200902,國際商港,17555172,11271366,3444205,2839601
200902,高雄港,9749616,6310691,2157212,1281713
200902,臺中港,3475923,2647152,497127,331644
200902,基隆港,1520802,757641,390286,372875
200902,花蓮港,1167735,252612,303060,612063
200902,臺北港,629126,482143,5111,141872
200902,安平港,530303,512658,4909,12736
200902,蘇澳港,481667,308469,86500,86698
200903,國際商港,19871846,12542801,3920656,3408389
200903,高雄港,10279085,6397500,2663793,1217792
200903,臺中港,4593527,3789264,473313,330950
200903,基隆港,2096044,1012328,537229,546487
200903,花蓮港,1031505,32436,104900,894169
200903,臺北港,807461,515538,37385,254538
200903,安平港,677324,649129,0,28195
200903,蘇澳港,386900,146606,104036,136258
200904,國際商港,19754968,12932956,3739565,3082447
200904,高雄港,10455185,6966070,2355081,1134034
200904,臺中港,4252977,3454107,454711,344159
200904,基隆港,1898433,1062003,449899,386531
200904,花蓮港,1298940,98676,313002,887262
200904,臺北港,987955,695918,43334,248703
200904,安平港,546781,523866,1906,21009
200904,蘇澳港,314697,132316,121632,60749
200905,國際商港,18793582,12066556,3978986,2748040
200905,高雄港,9643854,6210204,2549555,884095
200905,臺中港,4022485,3258822,470245,293418
200905,基隆港,1957733,1017211,484259,456263
200905,花蓮港,1117564,42321,285283,789960
200905,臺北港,940190,646186,64273,229731
200905,安平港,656222,634703,761,20758
200905,蘇澳港,455534,257109,124610,73815
200906,國際商港,20203389,13478749,4081721,2642919
200906,高雄港,10690677,7248705,2657774,784198
200906,臺中港,4304737,3433669,506759,364309
200906,基隆港,2057113,1109853,498278,448982
200906,花蓮港,1213098,138168,290870,784060
200906,臺北港,1049762,793865,70340,185557
200906,安平港,630629,617301,0,13328
200906,蘇澳港,257373,137188,57700,62485
200907,國際商港,20569350,13943855,4023872,2601623
200907,高雄港,10631749,7197937,2602175,831637
200907,臺中港,4946663,4117132,498765,330766
200907,基隆港,1917114,1011486,458753,446875
200907,花蓮港,1077011,159427,248584,669000
200907,臺北港,1002527,698811,90601,213115
200907,安平港,549200,530743,0,18457
200907,蘇澳港,445086,228319,124994,91773
200908,國際商港,22047165,15403666,4183904,2459595
200908,高雄港,11528813,8184565,2556504,787744
200908,臺中港,5297663,4421410,573739,302514
200908,基隆港,2037522,1107941,495888,433693
200908,花蓮港,1138968,82554,352580,703834
200908,臺北港,958054,698878,107032,152144
200908,安平港,660746,642769,1,17976
200908,蘇澳港,425399,265549,98160,61690
200909,國際商港,21982164,15365690,3851778,2764696
200909,高雄港,11175930,7782470,2520134,873326
200909,臺中港,5064380,4298400,471966,294014
200909,基隆港,1987612,1070813,427103,489696
200909,臺北港,1226334,987961,88546,149827
200909,花蓮港,1215182,206162,215449,793571
200909,安平港,768604,744197,2505,21902
200909,蘇澳港,544122,275687,126075,142360
200910,國際商港,18859073,12691081,3747941,2420051
200910,高雄港,9892420,6588821,2421305,882294
200910,臺中港,4299152,3560974,464687,273491
200910,基隆港,1840901,989937,465246,385718
200910,臺北港,1074409,827853,109815,136741
200910,花蓮港,812400,36655,209450,566295
200910,安平港,557045,522024,5968,29053
200910,蘇澳港,382746,164817,71470,146459
200911,國際商港,20076812,13586694,3985302,2504816
200911,高雄港,10801858,7484773,2555821,761264
200911,臺中港,4418872,3492248,502492,424132
200911,基隆港,2016583,1187680,476581,352322
200911,花蓮港,1203070,240422,264700,697948
200911,臺北港,972865,728034,100508,144323
200911,蘇澳港,371101,187853,85200,98048
200911,安平港,292463,265684,0,26779
200912,國際商港,20133295,13909752,3654530,2569013
200912,高雄港,10541172,7615006,2267859,658307
200912,臺中港,4707652,3844661,503592,359399
200912,基隆港,2029350,1078243,470608,480499
200912,花蓮港,1086511,144937,226434,715140
200912,臺北港,977323,728437,120026,128860
200912,蘇澳港,537877,288380,57500,191997
200912,安平港,253410,210088,8511,34811
201001,國際商港,21387515,14576871,4348530,2462114
201001,高雄港,11201486,8144079,2663847,393560
201001,臺中港,4736114,3745589,527615,462910
201001,基隆港,2296019,1278446,516176,501397
201001,花蓮港,1519068,321977,387776,809315
201001,臺北港,1058015,813714,135411,108890
201001,蘇澳港,410748,145787,117705,147256
201001,安平港,166065,127279,0,38786
201002,國際商港,16628057,11670623,3049545,1907889
201002,高雄港,8393753,5998624,1904347,490782
201002,臺中港,4376768,3776016,349616,251136
201002,基隆港,1507974,842429,325527,340018
201002,花蓮港,1000631,227099,281670,491862
201002,臺北港,690238,527534,81310,81394
201002,蘇澳港,547192,227757,102976,216459
201002,安平港,111501,71164,4099,36238
201003,國際商港,20542797,13425062,4742860,2374875
201003,高雄港,10051897,6585839,2956002,510056
201003,臺中港,5270297,4344129,541912,384256
201003,基隆港,2405705,1364614,567694,473397
201003,花蓮港,1097964,55861,379470,662633
201003,臺北港,1001203,705244,107850,188109
201003,蘇澳港,601824,299669,184969,117186
201003,安平港,113907,69706,4963,39238
201004,國際商港,20207490,13719222,4170863,2317405
201004,高雄港,10415662,7390156,2566269,459237
201004,臺中港,4923151,4064089,509236,349826
201004,基隆港,2073199,1175519,508181,389499
201004,花蓮港,1116072,112047,261695,742330
201004,臺北港,1001070,687044,104433,209593
201004,蘇澳港,593814,243413,219049,131352
201004,安平港,84522,46954,2000,35568
201005,國際商港,21758980,14897875,4547418,2313687
201005,高雄港,10649784,7253849,2973171,422764
201005,臺中港,5830508,4899971,555590,374947
201005,基隆港,2357383,1341495,551975,463913
201005,花蓮港,1289224,321051,229520,738653
201005,臺北港,1201039,921147,127633,152259
201005,蘇澳港,349518,128335,104860,116323
201005,安平港,81524,32027,4669,44828
201006,國際商港,20781734,14756425,3817259,2208050
201006,高雄港,10591406,7611744,2544667,434995
201006,臺中港,5699526,4844560,476786,378180
201006,基隆港,2101824,1289501,492781,319542
201006,花蓮港,1080560,222899,137005,720656
201006,臺北港,984853,709231,106230,169392
201006,蘇澳港,215903,13334,51622,150947
201006,安平港,107662,65156,8168,34338
201007,國際商港,20419321,14045374,3927585,2446362
201007,高雄港,10644564,7536607,2517501,590456
201007,臺中港,4986708,3970375,549393,466940
201007,基隆港,2017096,1225338,478898,312860
201007,花蓮港,1253059,249026,180830,823203
201007,臺北港,1063854,823623,107525,132706
201007,蘇澳港,373263,194836,93197,85230
201007,安平港,80777,45569,241,34967
201008,國際商港,21988559,15157641,4352307,2478611
201008,高雄港,10839560,7278100,2874160,687300
201008,臺中港,5989159,5125275,526478,337406
201008,基隆港,2179846,1296197,494678,388971
201008,花蓮港,1106709,230651,220740,655318
201008,臺北港,1026610,722813,110615,193182
201008,蘇澳港,750880,442207,119105,189568
201008,安平港,95795,62398,6531,26866
201009,國際商港,19781217,13468862,4027117,2285238
201009,高雄港,10124899,6781078,2688966,654855
201009,臺中港,5195317,4291974,505333,398010
201009,基隆港,1931494,1192855,451877,286762
201009,臺北港,1011976,784962,111084,115930
201009,花蓮港,976870,131473,179084,666313
201009,蘇澳港,467521,242918,86820,137783
201009,安平港,73140,43602,3953,25585
201010,國際商港,20646960,14169993,4172321,2304646
201010,高雄港,10226652,6984272,2631927,610453
201010,臺中港,5815554,4819035,601360,395159
201010,基隆港,2013606,1175501,498287,339818
201010,花蓮港,1238404,291838,255933,690633
201010,臺北港,915112,685100,112242,117770
201010,蘇澳港,339973,150590,70191,119192
201010,安平港,97659,63657,2381,31621
201011,國際商港,21662022,14974247,4246845,2440930
201011,高雄港,11064575,7677430,2788225,598920
201011,臺中港,5774194,4727583,557487,489124
201011,基隆港,2082076,1286975,472258,322843
201011,臺北港,1144771,885908,134723,124140
201011,花蓮港,1103262,152974,192559,757729
201011,蘇澳港,410696,208213,97643,104840
201011,安平港,82448,35164,3950,43334
201012,國際商港,20680802,13963607,3854630,2862565
201012,高雄港,10748195,7364367,2472430,911398
201012,臺中港,5076193,4085336,548526,442331
201012,基隆港,2040365,1218970,445725,375670
201012,花蓮港,1131657,217771,171090,742796
201012,臺北港,1129744,838356,120462,170926
201012,蘇澳港,452727,185013,93417,174297
201012,安平港,101921,53794,2980,45147
201101,國際商港,20438772,13785742,4187939,2465091
201101,高雄港,10736265,7456580,2663395,616290
201101,臺中港,4503115,3474142,534009,494964
201101,基隆港,2087043,1275023,448041,363979
201101,花蓮港,1286122,342654,252354,691114
201101,臺北港,1205687,936772,124436,144479
201101,蘇澳港,519002,248835,162780,107387
201101,安平港,101538,51736,2924,46878
201102,國際商港,18274656,12618129,3541493,2115034
201102,高雄港,9533546,6663404,2261892,608250
201102,臺中港,4882678,3934954,518648,429076
201102,基隆港,1501711,863000,358180,280531
201102,花蓮港,889504,159925,196844,532735
201102,臺北港,870984,674974,99374,96636
201102,蘇澳港,508046,277161,98152,132733
201102,安平港,88187,44711,8403,35073
201103,國際商港,22354842,15500424,4106015,2748403
201103,高雄港,11370589,8018733,2639328,712528
201103,臺中港,6062720,5030147,592455,440118
201103,基隆港,2128766,1264717,502268,361781
201103,臺北港,1185199,850705,129439,205055
201103,花蓮港,1160239,166561,171220,822458
201103,蘇澳港,331246,105772,64658,160816
201103,安平港,116083,63789,6647,45647
201104,國際商港,21427249,14679940,4191854,2555455
201104,高雄港,10755393,7462312,2667251,625830
201104,臺中港,5466882,4449753,562842,454287
201104,基隆港,2065166,1194534,487923,382709
201104,花蓮港,1288039,321639,214140,752260
201104,臺北港,1287512,978377,122163,186972
201104,蘇澳港,474266,228239,128423,117604
201104,安平港,89991,45086,9112,35793
201105,國際商港,22169246,15304341,4235390,2629515
201105,高雄港,11331997,7869350,2793971,668676
201105,臺中港,5835275,4790865,550140,494270
201105,基隆港,2076778,1238781,487202,350795
201105,臺北港,1259245,933338,115354,210553
201105,花蓮港,1153217,222275,167110,763832
201105,蘇澳港,424807,213502,117612,93693
201105,安平港,87927,36230,4001,47696
201106,國際商港,20386585,14525353,3658741,2202491
201106,高雄港,10212306,7341409,2349839,521058
201106,臺中港,5464851,4513060,484225,467566
201106,基隆港,1870620,1072220,463677,334723
201106,臺北港,1432721,1148348,127917,156456
201106,花蓮港,871327,170804,164500,536023
201106,蘇澳港,445665,238240,59853,147572
201106,安平港,89095,41272,8730,39093
201107,國際商港,21165223,14598252,4302981,2263990
201107,高雄港,10902738,7575850,2719363,607525
201107,臺中港,5536121,4524412,629678,382031
201107,基隆港,1927806,1124014,474060,329732
201107,臺北港,1214048,886162,134862,193024
201107,花蓮港,984697,200936,169778,613983
201107,蘇澳港,512387,231147,170369,110871
201107,安平港,87426,55731,4871,26824
201108,國際商港,19313450,13116632,3831002,2365816
201108,高雄港,9319029,6284128,2487999,546902
201108,臺中港,4725749,3798573,491631,435545
201108,基隆港,2071635,1243669,451051,376915
201108,臺北港,1618014,1343292,127281,147441
201108,花蓮港,1069177,239605,145928,683644
201108,蘇澳港,411858,152709,127112,132037
201108,安平港,97988,54656,0,43332
201109,國際商港,20762584,14265292,3700981,2796311
201109,高雄港,11022981,7659195,2455236,908550
201109,臺中港,5085491,4234255,457273,393963
201109,基隆港,1971955,1102080,412918,456957
201109,臺北港,1175674,873943,130733,170998
201109,花蓮港,1025198,137568,178120,709510
201109,蘇澳港,389285,217777,59020,112488
201109,安平港,92000,40474,7681,43845
201110,國際商港,20605319,13820893,4285209,2499217
201110,高雄港,10004648,6566666,2789282,648700
201110,臺中港,5245949,4192015,572799,481135
201110,基隆港,2019599,1193262,591908,234429
201110,臺北港,1567583,1210241,141725,215617
201110,花蓮港,1192314,355711,122138,714465
201110,蘇澳港,473037,252062,65594,155381
201110,安平港,102189,50936,1763,49490
201111,國際商港,19133746,13124336,3663054,2346356
201111,高雄港,9616902,6652471,2378927,585504
201111,臺中港,5016863,4113849,507060,395954
201111,基隆港,1863065,1113416,415317,334332
201111,臺北港,1241404,932283,130283,178838
201111,花蓮港,1000956,185143,104800,711013
201111,蘇澳港,334853,119350,123544,91959
201111,安平港,59703,7824,3123,48756
201112,國際商港,18389176,12000384,3642733,2746059
201112,高雄港,9125506,6021366,2312492,791648
201112,臺中港,4843688,3776251,546782,520655
201112,基隆港,1783907,929370,445469,409068
201112,臺北港,1057168,834317,113467,109384
201112,花蓮港,1017896,127180,110000,780716
201112,蘇澳港,483767,292809,107585,83373
201112,安平港,77244,19091,6938,51215
201201,國際商港,20137855,14272919,3479042,2385894
201201,高雄港,10275946,7293351,2269468,713127
201201,臺中港,5597751,4710555,440090,447106
201201,基隆港,1814266,1115615,348941,349710
201201,臺北港,1140264,873090,139467,127707
201201,花蓮港,861163,137459,126950,596754
201201,蘇澳港,345675,100367,139420,105888
201201,安平港,102790,42482,14706,45602
201202,國際商港,18929297,12795323,3804668,2329306
201202,高雄港,9790481,6625058,2438047,727376
201202,臺中港,5118009,4062143,558434,497432
201202,基隆港,1609635,867151,424769,317715
201202,臺北港,1107131,830446,152112,124573
201202,花蓮港,824445,178854,113500,532091
201202,蘇澳港,396824,184677,109624,102523
201202,安平港,82772,46994,8182,27596
201203,國際商港,20306151,13597261,4171201,2537689
201203,高雄港,10199690,6765638,2759912,674140
201203,臺中港,5166731,4266308,537823,362600
201203,基隆港,1899323,1077132,456056,366135
201203,花蓮港,1198962,302147,122950,773865
201203,臺北港,1186958,902981,163089,120888
201203,蘇澳港,558687,249702,116176,192809
201203,安平港,95800,33353,15195,47252
201204,國際商港,21553033,15112931,3886867,2553235
201204,高雄港,11259038,7903354,2606306,749378
201204,臺中港,5815774,4834976,514686,466112
201204,基隆港,1866758,1082260,442959,341539
201204,臺北港,1356171,1023491,185695,146985
201204,花蓮港,856325,133180,51000,672145
201204,蘇澳港,326029,114023,82500,129506
201204,安平港,72938,21647,3721,47570
201205,國際商港,20325694,13884587,4057643,2383464
201205,高雄港,10565794,7212205,2693659,659930
201205,臺中港,4717857,3749924,562020,405913
201205,基隆港,1947760,1203470,435628,308662
201205,臺北港,1481569,1127854,187586,166129
201205,花蓮港,1049251,303155,23000,723096
201205,蘇澳港,449380,231504,141740,76136
201205,安平港,114083,56475,14010,43598
201206,國際商港,19133312,13254214,3789068,2090030
201206,高雄港,9521670,6380691,2562797,578182
201206,臺中港,5350888,4443759,479855,427274
201206,基隆港,1823611,1134564,409472,279575
201206,臺北港,1227993,919169,176560,132264
201206,花蓮港,815909,157603,73000,585306
201206,蘇澳港,321893,184742,80454,56697
201206,安平港,71348,33686,6930,30732
201207,國際商港,21136245,15164567,3961106,2010572
201207,高雄港,10976602,7765952,2630994,579656
201207,臺中港,5516341,4580561,535493,400287
201207,基隆港,1979224,1281852,409431,287941
201207,臺北港,1385701,1047804,219831,118066
201207,花蓮港,772050,204596,81275,486179
201207,蘇澳港,392399,219190,70863,102346
201207,安平港,113928,64612,13219,36097
201208,國際商港,18991535,13635954,3742704,1612877
201208,高雄港,9468850,6630694,2543121,295035
201208,臺中港,5415886,4573807,496745,345334
201208,基隆港,1845533,1199049,393507,252977
201208,臺北港,1087269,776690,165828,144751
201208,花蓮港,788053,241407,50000,496646
201208,蘇澳港,305419,179864,82570,42985
201208,安平港,80525,34443,10933,35149
201209,國際商港,20667540,14328045,4204336,2135159
201209,高雄港,10407835,6938471,2806956,662408
201209,臺中港,5517566,4587806,582856,346904
201209,基隆港,1912863,1213984,400182,298697
201209,臺北港,1360831,1017029,174064,169738
201209,花蓮港,878650,225607,102900,550143
201209,蘇澳港,481094,284226,126130,70738
201209,安平港,108701,60922,11248,36531
201210,國際商港,20520897,14238503,3870832,2411562
201210,高雄港,10571187,7357773,2586978,626436
201210,臺中港,5349280,4311473,553658,484149
201210,基隆港,2009092,1279388,436626,293078
201210,臺北港,1309168,977691,178855,152622
201210,花蓮港,854661,102840,87460,664361
201210,蘇澳港,307407,160253,12805,134349
201210,安平港,120102,49085,14450,56567
201211,國際商港,17562105,11946966,3670588,1944551
201211,高雄港,8399725,5580209,2315463,504053
201211,臺中港,4731961,3747503,569228,415230
201211,基隆港,1779746,1123825,384889,271032
201211,臺北港,1156834,900090,156295,100449
201211,花蓮港,1029636,326268,180700,522668
201211,蘇澳港,373988,223775,59513,90700
201211,安平港,90215,45296,4500,40419
201212,國際商港,19652678,13954668,3896021,1801989
201212,高雄港,9319182,6286958,2539930,492294
201212,臺中港,5892970,4896312,563877,432781
201212,基隆港,1700063,1095466,410985,193612
201212,臺北港,1405094,1144756,157451,102887
201212,花蓮港,763605,123186,134450,505969
201212,蘇澳港,458235,347681,79370,31184
201212,安平港,113529,60309,9958,43262
201301,國際商港,21526365,15107957,4139744,2278664
201301,高雄港,10840209,7560013,2657233,622963
201301,臺中港,5446811,4443997,592906,409908
201301,基隆港,1859976,1192600,404262,263114
201301,臺北港,1583049,1285070,169765,128214
201301,花蓮港,1147121,296295,199000,651826
201301,蘇澳港,519534,259505,102720,157309
201301,安平港,129665,70477,13858,45330
201302,國際商港,16756430,11825167,3199019,1732244
201302,高雄港,8411375,5687586,2193764,530025
201302,臺中港,5107516,4333870,423184,350462
201302,基隆港,1229453,755175,256671,217607
201302,臺北港,869397,669614,133126,66657
201302,花蓮港,760640,159490,134900,466250
201302,蘇澳港,281153,158030,50593,72530
201302,安平港,96896,61402,6781,28713
201303,國際商港,21248331,14592134,4480395,2175802
201303,高雄港,10640003,7197109,3029142,413752
201303,臺中港,5753806,4675908,624146,453752
201303,基隆港,1900288,1163037,397839,339412
201303,臺北港,1486732,1224421,175600,86711
201303,花蓮港,920334,47520,164240,708574
201303,蘇澳港,431926,244887,72494,114545
201303,安平港,115242,39252,16934,59056
201304,國際商港,21982394,15828298,3913803,2240293
201304,高雄港,10671900,7699953,2576005,395942
201304,臺中港,6280212,5290411,517751,472050
201304,基隆港,1795757,1078011,374088,343658
201304,臺北港,1474163,1173024,154136,147003
201304,花蓮港,1207048,317877,162541,726630
201304,蘇澳港,472909,239681,119256,113972
201304,安平港,80405,29341,10026,41038
201305,國際商港,20632889,14350195,4276723,2005971
201305,高雄港,10118231,6914759,2867141,336331
201305,臺中港,5796909,4876673,551422,368814
201305,基隆港,1757439,1011130,423881,322428
201305,臺北港,1451837,1107696,191945,152196
201305,花蓮港,1081108,219732,146499,714877
201305,蘇澳港,335608,170200,83892,81516
201305,安平港,91757,50005,11943,29809
201306,國際商港,20958652,14382276,4522544,2053832
201306,高雄港,10181326,6698215,3155929,327182
201306,臺中港,5803994,4789915,630519,383560
201306,基隆港,1738169,1052032,423740,262397
201306,臺北港,1511862,1171532,164819,175511
201306,花蓮港,1201032,296751,113620,790661
201306,蘇澳港,425923,338996,18000,68927
201306,安平港,96346,34835,15917,45594
201307,國際商港,19985752,13539996,4000529,2445227
201307,高雄港,9287100,6192388,2647818,446894
201307,臺中港,5516442,4576080,536577,403785
201307,基隆港,1831652,1083437,384779,363436
201307,臺北港,1540871,1228992,161582,150297
201307,花蓮港,1139475,174250,214000,751225
201307,蘇澳港,373401,243391,47888,82122
201307,安平港,296811,41458,7885,247468
201308,國際商港,19429648,13143488,3928579,2357581
201308,高雄港,8976419,5817306,2614138,544975
201308,臺中港,5601271,4604039,571746,425486
201308,基隆港,1871564,1075352,398353,397859
201308,臺北港,1310404,1008296,162035,140073
201308,花蓮港,1095261,278840,85200,731221
201308,蘇澳港,472396,318459,90680,63257
201308,安平港,102333,41196,6427,54710
201309,國際商港,19814239,13856117,3625276,2332846
201309,高雄港,8832447,5993577,2326445,512425
201309,臺中港,5979195,4973824,590004,415367
201309,基隆港,1813981,1060493,374404,379084
201309,臺北港,1666948,1375946,143882,147120
201309,花蓮港,1049532,157491,133900,758141
201309,蘇澳港,380191,248582,52633,78976
201309,安平港,91945,46204,4008,41733
201310,國際商港,21368377,15277255,3726442,2364680
201310,高雄港,9649342,6551559,2393559,704224
201310,臺中港,6559058,5592234,571308,395516
201310,基隆港,1927527,1226295,415526,285706
201310,臺北港,1522127,1246131,167265,108731
201310,花蓮港,1144468,302720,123700,718048
201310,蘇澳港,458083,308064,48200,101819
201310,安平港,107772,50252,6884,50636
201311,國際商港,19843379,13600029,3826927,2416423
201311,高雄港,8553111,5647984,2339044,566083
201311,臺中港,6253813,5083322,623453,547038
201311,基隆港,1868482,1083647,462683,322152
201311,臺北港,1455936,1184742,167907,103287
201311,花蓮港,1230946,287475,168859,774612
201311,蘇澳港,394279,274445,53667,66167
201311,安平港,86812,38414,11314,37084
201312,國際商港,19919650,13580114,3786760,2552776
201312,高雄港,8872837,5868093,2412295,592449
201312,臺中港,5985096,4818193,639008,527895
201312,基隆港,1841831,1013416,394349,434066
201312,臺北港,1640739,1376451,161394,102894
201312,花蓮港,1091824,215541,110180,766103
201312,蘇澳港,382288,241882,60700,79706
201312,安平港,105035,46538,8834,49663
201401,國際商港,20453713,13931946,3785050,2736717
201401,高雄港,9520634,6313727,2594212,612695
201401,臺中港,5999097,4906255,555957,536885
201401,基隆港,1891379,1105838,357424,428117
201401,臺北港,1457456,1161639,155122,140695
201401,花蓮港,1149508,213870,69800,865838
201401,蘇澳港,316348,178662,38500,99186
201401,安平港,119291,51955,14035,53301
201402,國際商港,18892561,13456550,3438041,1997970
201402,高雄港,9359802,6628063,2225695,506044
201402,臺中港,5704856,4801400,563244,340212
201402,基隆港,1289134,678628,334827,275679
201402,臺北港,1093404,872634,117424,103346
201402,花蓮港,917524,152779,145700,619045
201402,蘇澳港,438552,268910,42700,126942
201402,安平港,89289,54136,8451,26702
201403,國際商港,23641068,16333061,4414755,2893252
201403,高雄港,11258194,7617752,2923022,717420
201403,臺中港,6916642,5832662,623313,460667
201403,基隆港,2000280,1076552,453015,470713
201403,臺北港,1676242,1319298,153442,203502
201403,花蓮港,1320540,268343,167230,884967
201403,蘇澳港,369138,185507,83554,100077
201403,安平港,100032,32947,11179,55906
201404,國際商港,21851496,14885855,4314817,2650824
201404,高雄港,10349022,6861978,2845277,641767
201404,臺中港,6190895,4999218,656081,535596
201404,基隆港,1940480,1131999,386338,422143
201404,臺北港,1732608,1422074,181927,128607
201404,花蓮港,1145965,215644,143700,786621
201404,蘇澳港,390650,217112,92059,81479
201404,安平港,101876,37830,9435,54611
201405,國際商港,20484928,13633361,4080936,2770631
201405,高雄港,9914641,6607819,2676912,629910
201405,臺中港,5516562,4392684,597640,526238
201405,基隆港,1950693,1084079,400490,466124
201405,臺北港,1473111,1123885,190594,158632
201405,花蓮港,1135359,197715,114700,822944
201405,蘇澳港,371651,170173,88135,113343
201405,安平港,122911,57006,12465,53440
201406,國際商港,22825536,16374953,4306506,2144077
201406,高雄港,10932927,7540804,2873746,518377
201406,臺中港,6428140,5408955,634979,384206
201406,臺北港,1890159,1610972,193628,85559
201406,基隆港,1862660,1125408,405835,331417
201406,花蓮港,1181665,298857,177420,705388
201406,蘇澳港,457892,350567,10000,97325
201406,安平港,72093,39390,10898,21805
201407,國際商港,22109790,15540994,4212895,2355901
201407,高雄港,10505452,7178908,2786875,539669
201407,臺中港,6573158,5469007,678962,425189
201407,基隆港,1742003,1032676,385072,324255
201407,臺北港,1590711,1313409,167693,109609
201407,花蓮港,1105963,178219,127300,800444
201407,蘇澳港,486272,323747,54824,107701
201407,安平港,106231,45028,12169,49034
201408,國際商港,21883873,15476451,4105206,2302216
201408,高雄港,10622800,7315603,2744927,562270
201408,臺中港,6155821,5159807,605128,390886
201408,基隆港,1849576,1055011,400057,394508
201408,臺北港,1719633,1417941,185473,116219
201408,花蓮港,1049545,232947,116300,700298
201408,蘇澳港,393438,245223,48500,99715
201408,安平港,93060,49919,4821,38320
201409,國際商港,21283522,15232019,3869382,2182121
201409,高雄港,10311044,7133332,2651321,526391
201409,臺中港,6010912,5112296,529008,369608
201409,基隆港,1800281,1116701,351814,331766
201409,臺北港,1548858,1302270,164509,82079
201409,花蓮港,1112737,281836,156550,674351
201409,蘇澳港,377449,216255,5800,155394
201409,安平港,122241,69329,10380,42532
201410,國際商港,20323143,14091518,3651405,2580220
201410,高雄港,9658844,6566938,2441153,650753
201410,臺中港,5710307,4723080,578754,408473
201410,基隆港,1829312,1026528,390836,411948
201410,臺北港,1583479,1322558,160564,100357
201410,花蓮港,1073309,181623,58500,833186
201410,蘇澳港,368905,217502,13050,138353
201410,安平港,98987,53289,8548,37150
201411,國際商港,21610114,15097416,4004742,2507956
201411,高雄港,10254472,7033111,2572562,648799
201411,臺中港,6255964,5139678,648012,468274
201411,基隆港,1690407,977781,368188,344438
201411,臺北港,1645387,1355247,155066,135074
201411,花蓮港,1138370,254406,188600,695364
201411,蘇澳港,530737,294198,60095,176444
201411,安平港,94777,42995,12219,39563
201412,國際商港,20121482,13722629,3776626,2622227
201412,高雄港,10262980,7027066,2636927,598987
201412,臺中港,4842968,3775173,579430,488365
201412,基隆港,1766335,1037993,332341,396001
201412,臺北港,1585773,1295283,130748,159742
201412,花蓮港,1058299,220301,77200,760798
201412,蘇澳港,501509,322833,7527,171149
201412,安平港,103618,43980,12453,47185
201501,國際商港,23265726,16859227,3888099,2518400
201501,高雄港,10680478,7575147,2555371,549960
201501,臺中港,7527741,6414882,659225,453634
201501,基隆港,1738765,1006952,360199,371614
201501,臺北港,1573477,1290048,178641,104788
201501,花蓮港,1167222,189905,101550,875767
201501,蘇澳港,429745,340557,15750,73438
201501,安平港,148298,41736,17363,89199
201502,國際商港,16973664,11784406,3118477,2070781
201502,高雄港,8116033,5467282,2151301,497450
201502,臺中港,5133041,4245304,444909,442828
201502,臺北港,1266207,1044305,138936,82966
201502,基隆港,1155205,645495,256081,253629
201502,花蓮港,922689,178191,113200,631298
201502,蘇澳港,302518,162396,9906,130216
201502,安平港,77971,41433,4144,32394
201503,國際商港,22613619,15864472,4361524,2387623
201503,高雄港,10814175,7298626,2901428,614121
201503,臺中港,6711077,5689873,695280,325924
201503,基隆港,1675632,978968,374976,321688
201503,臺北港,1639020,1296617,188596,153807
201503,花蓮港,1164539,265142,167000,732397
201503,蘇澳港,504249,283500,20517,200232
201503,安平港,104927,51746,13727,39454
201504,國際商港,20353292,14088919,3934153,2330220
201504,高雄港,8909322,5673204,2625435,610683
201504,臺中港,6567298,5443027,682217,442054
201504,臺北港,1729964,1429607,184186,116171
201504,基隆港,1692851,986077,319176,387598
201504,花蓮港,1024966,234292,104000,686674
201504,蘇澳港,330139,267706,12010,50423
201504,安平港,98752,55006,7129,36617
201505,國際商港,20283236,13741850,4039952,2501434
201505,高雄港,9245864,5989565,2597530,658769
201505,臺中港,5876976,4737682,717300,421994
201505,基隆港,1795385,1101280,370326,323779
201505,臺北港,1736774,1361367,221141,154266
201505,花蓮港,1100511,261114,103900,735497
201505,蘇澳港,444542,260736,13846,169960
201505,安平港,83184,30106,15909,37169
201506,國際商港,19352822,13463546,3537922,2351354
201506,高雄港,8243445,5314006,2329618,599821
201506,臺中港,6577604,5505439,609986,462179
201506,基隆港,1636691,962360,298648,375683
201506,臺北港,1550205,1268114,186247,95844
201506,花蓮港,938000,173136,103500,661364
201506,蘇澳港,345351,219877,3072,122402
201506,安平港,61526,20614,6851,34061
201507,國際商港,19134604,13194206,3621322,2319076
201507,高雄港,9312014,6279005,2395755,637254
201507,臺中港,4935705,4028358,549313,358034
201507,基隆港,1833636,1129228,313155,391253
201507,臺北港,1402366,1134797,191349,76220
201507,花蓮港,1064913,240618,147700,676595
201507,蘇澳港,495429,341346,10825,143258
201507,安平港,90541,40854,13225,36462
201508,國際商港,20917125,15159365,3613969,2143791
201508,高雄港,9221575,6291512,2400704,529359
201508,臺中港,6956036,5916254,586593,453189
201508,基隆港,1661907,1073806,308456,279645
201508,臺北港,1632737,1304776,186880,141081
201508,花蓮港,931122,236953,101700,592469
201508,蘇澳港,435318,295497,16173,123648
201508,安平港,78430,40567,13463,24400
201509,國際商港,19260208,13521025,3679144,2060039
201509,高雄港,9303314,6304613,2461810,536891
201509,臺中港,5567554,4682300,592619,292635
201509,臺北港,1574757,1255903,182853,136001
201509,基隆港,1547372,917290,284327,345755
201509,花蓮港,855520,170103,149600,535817
201509,蘇澳港,325992,147952,3000,175040
201509,安平港,85699,42864,4935,37900
201510,國際商港,19896177,13764146,3816959,2315072
201510,高雄港,9188469,6074549,2528104,585816
201510,臺中港,5946370,4848802,671132,426436
201510,臺北港,1649938,1280654,182280,187004
201510,基隆港,1575966,885997,335624,354345
201510,花蓮港,935831,237761,81150,616920
201510,蘇澳港,499164,373145,13668,112351
201510,安平港,100439,63238,5001,32200
201511,國際商港,19613646,13875934,3624211,2113501
201511,高雄港,9161768,6193065,2422026,546677
201511,臺中港,6181643,5192250,618461,370932
201511,臺北港,1492978,1212783,183267,96928
201511,基隆港,1431617,841081,288120,302416
201511,花蓮港,935266,169245,93700,672321
201511,蘇澳港,335246,241024,9821,84401
201511,安平港,75128,26486,8816,39826
201512,國際商港,19017194,13059604,3632020,2325570
201512,高雄港,8705472,5719008,2427165,559299
201512,臺中港,5652452,4627312,612588,412552
201512,基隆港,1621597,924295,293757,403545
201512,臺北港,1528316,1207679,187329,133308
201512,花蓮港,975082,240398,84365,650319
201512,蘇澳港,442535,298853,15860,127822
201512,安平港,91740,42059,10956,38725
201601,國際商港,19237075,13310939,3662367,2263769
201601,高雄港,8507572,5592301,2265780,649491
201601,臺中港,5789081,4664956,738156,385969
201601,臺北港,1887180,1497537,202168,187475
201601,基隆港,1587220,965682,282174,339364
201601,花蓮港,866827,239101,130400,497326
201601,蘇澳港,497478,291698,34317,171463
201601,安平港,101717,59664,9372,32681
201602,國際商港,17426490,12217769,3511980,1696741
201602,高雄港,8859045,6027315,2409889,421841
201602,臺中港,5554191,4534585,565878,453728
201602,臺北港,1080163,817492,173980,88691
201602,基隆港,876754,490657,215039,171058
201602,花蓮港,598536,102538,133500,362498
201602,蘇澳港,387132,196929,9190,181013
201602,安平港,70669,48253,4504,17912
201603,國際商港,21833624,15170008,4321024,2342592
201603,高雄港,10553346,7218351,2771087,563908
201603,臺中港,6531226,5205904,867698,457624
201603,臺北港,1740592,1293238,208910,238444
201603,基隆港,1499895,863550,317517,318828
201603,花蓮港,930533,303637,127000,499896
201603,蘇澳港,469413,231418,19870,218125
201603,安平港,108619,53910,8942,45767
201604,國際商港,21041064,14470246,4186179,2384639
201604,高雄港,10090676,6639758,2848657,602261
201604,臺中港,6401539,5245238,673747,482554
201604,臺北港,1836914,1331971,219651,285292
201604,基隆港,1416921,839044,295570,282307
201604,花蓮港,732393,92164,121000,519229
201604,蘇澳港,455044,261490,14209,179345
201604,安平港,107577,60581,13345,33651
201605,國際商港,23021469,16307682,4341363,2372424
201605,高雄港,11027061,7448826,3001103,577132
201605,臺中港,6946659,5722023,729084,495552
201605,臺北港,2153276,1652444,231893,268939
201605,基隆港,1617432,948714,290827,377891
201605,花蓮港,764550,212015,50000,502535
201605,蘇澳港,348160,214477,29090,104593
201605,安平港,164331,109183,9366,45782
201606,國際商港,19756188,13781573,4135714,1838901
201606,高雄港,9129884,5940264,2755807,433813
201606,臺中港,6194617,5180674,716312,297631
201606,臺北港,1699966,1383308,219024,97634
201606,基隆港,1515176,868535,286222,360419
201606,花蓮港,760773,168771,124500,467502
201606,蘇澳港,375086,206955,17385,150746
201606,安平港,80686,33066,16464,31156
201607,國際商港,21244939,15139890,4153479,1951570
201607,高雄港,9814506,6504723,2773450,536333
201607,臺中港,6958406,5879820,669032,409554
201607,臺北港,1748461,1459141,242063,47257
201607,基隆港,1446041,854233,281385,310423
201607,花蓮港,842606,191603,146550,504453
201607,蘇澳港,329007,196366,27191,105450
201607,安平港,105912,54004,13808,38100
201608,國際商港,21243321,15016825,4090985,2135511
201608,高雄港,10163987,6877983,2805369,480635
201608,臺中港,6164593,5066749,682704,415140
201608,臺北港,1769825,1439295,220386,110144
201608,基隆港,1625528,1027587,268742,329199
201608,花蓮港,928588,277648,81900,569040
201608,蘇澳港,493042,264001,22872,206169
201608,安平港,97758,63562,9012,25184
201609,國際商港,17027943,11968466,3474373,1585104
201609,高雄港,7863266,5041779,2394562,426925
201609,臺中港,5649694,4828698,508834,312162
201609,臺北港,1291250,1044377,187919,58954
201609,基隆港,1153223,660273,223571,269379
201609,花蓮港,678501,156469,130104,391928
201609,蘇澳港,302010,185231,20023,96756
201609,安平港,89999,51639,9360,29000
201610,國際商港,22962333,16427296,4358364,2176673
201610,高雄港,10545699,7270982,2814982,459735
201610,臺中港,7537322,6172882,814490,549950
201610,臺北港,1933096,1564250,237056,131790
201610,基隆港,1509432,921636,290844,296952
201610,花蓮港,937554,189558,149616,598380
201610,蘇澳港,406052,253176,46010,106866
201610,安平港,93178,54812,5366,33000
201611,國際商港,20666772,14767837,4022020,1876915
201611,高雄港,9929263,6815219,2684669,429375
201611,臺中港,6283994,5226591,685235,372168
201611,臺北港,1727849,1461044,200337,66468
201611,基隆港,1360546,784223,281397,294926
201611,花蓮港,877932,202094,143724,532114
201611,蘇澳港,400198,235951,21736,142511
201611,安平港,86990,42715,4922,39353
201612,國際商港,20561647,14039882,4097839,2423926
201612,高雄港,10136511,6795361,2771676,569474
201612,臺中港,5448048,4240512,718790,488746
201612,臺北港,1875074,1528406,216584,130084
201612,基隆港,1616076,1000205,278092,337779
201612,花蓮港,770212,136296,91719,542197
201612,蘇澳港,385266,271777,11135,102354
201612,安平港,330460,67325,9843,253292
201701,國際商港,21471287,15666102,3780730,2024455
201701,高雄港,9958822,7020397,2636357,302068
201701,臺中港,6559138,5593294,504866,460978
201701,臺北港,1881019,1619915,215239,45865
201701,基隆港,1474891,961557,228603,284731
201701,花蓮港,820717,145607,146929,528181
201701,蘇澳港,393062,255388,39008,98666
201701,安平港,383638,69944,9728,303966
201702,國際商港,18753144,13451281,3795231,1506632
201702,高雄港,9354110,6462830,2587980,303300
201702,臺中港,5428075,4513160,626875,288040
201702,臺北港,1581693,1299766,221451,60476
201702,基隆港,1246187,757810,251866,236511
201702,花蓮港,742220,263131,77563,401526
201702,蘇澳港,270258,102910,26102,141246
201702,安平港,130601,51674,3394,75533
201703,國際商港,21548321,15574909,3983282,1990130
201703,高雄港,10309258,7157454,2700191,451613
201703,臺中港,6753962,5607001,670086,476875
201703,臺北港,1722782,1413690,229249,79843
201703,基隆港,1552081,989859,274516,287706
201703,花蓮港,689610,99677,77560,512373
201703,蘇澳港,395591,222951,23820,148820
201703,安平港,125037,84277,7860,32900
201704,國際商港,21302546,15523003,3967803,1811740
201704,高雄港,10012840,7085221,2605137,322482
201704,臺中港,6301054,5181593,684715,434746
201704,臺北港,2083267,1716709,259129,107429
201704,基隆港,1437288,886689,267668,282931
201704,花蓮港,867824,257786,115910,494128
201704,蘇澳港,472307,315749,24434,132124
201704,安平港,127966,79256,10810,37900
201705,國際商港,22301276,16229191,4182018,1890067
201705,高雄港,10659379,7313843,2890639,454897
201705,臺中港,7065879,6002951,633296,429632
201705,臺北港,1805525,1399830,264261,141434
201705,基隆港,1520862,995726,283163,241973
201705,花蓮港,717179,151954,94746,470479
201705,蘇澳港,407875,279843,12245,115787
201705,安平港,124577,85044,3668,35865
201706,國際商港,19962974,14069972,3842895,2050107
201706,高雄港,9539096,6434241,2631010,473845
201706,臺中港,6039926,5024540,599090,416296
201706,臺北港,1814254,1349053,257979,207222
201706,基隆港,1492374,876982,262029,353363
201706,花蓮港,735179,183306,67000,484873
201706,蘇澳港,269549,168361,15080,86108
201706,安平港,72596,33489,10707,28400
201707,國際商港,21371357,15064478,4410266,1896613
201707,高雄港,9831625,6416281,3003270,412074
201707,臺中港,6645540,5471785,734229,439526
201707,臺北港,2189099,1775124,278573,135402
201707,基隆港,1485303,930910,289419,264974
201707,花蓮港,770397,231761,91402,447234
201707,蘇澳港,347093,176297,6680,164116
201707,安平港,102300,62320,6693,33287
201708,國際商港,20722449,14946332,4071596,1704521
201708,高雄港,9362685,6275571,2742213,344901
201708,臺中港,6815250,5689172,674301,451777
201708,臺北港,1920810,1596885,260426,63499
201708,基隆港,1388821,866815,279932,242074
201708,花蓮港,774888,234323,69900,470665
201708,蘇澳港,366464,232619,36969,96876
201708,安平港,93531,50947,7855,34729
201709,國際商港,20500845,14819421,3931852,1749572
201709,高雄港,9761621,6791439,2575135,395047
201709,臺中港,6149571,5053582,667817,428172
201709,臺北港,2066686,1709793,289979,66914
201709,基隆港,1422906,849491,283965,289450
201709,花蓮港,623266,137498,73943,411825
201709,蘇澳港,366279,212296,36119,117864
201709,安平港,110516,65322,4894,40300
201710,國際商港,19772029,14223698,3938636,1609695
201710,高雄港,8863246,5968589,2568109,326548
201710,臺中港,6351415,5253949,679798,417668
201710,臺北港,2011949,1666259,244489,101201
201710,基隆港,1402402,805123,291198,306081
201710,花蓮港,678522,250448,101400,326674
201710,蘇澳港,362520,216644,44653,101223
201710,安平港,101975,62686,8989,30300
201711,國際商港,18708450,12942391,3989423,1776636
201711,高雄港,8645658,5764173,2518628,362857
201711,臺中港,5645841,4502532,752712,390597
201711,臺北港,1806263,1436341,278087,91835
201711,基隆港,1624034,929998,310622,383414
201711,花蓮港,624488,97330,98420,428738
201711,蘇澳港,227848,121483,27348,79017
201711,安平港,134318,90534,3606,40178
201712,國際商港,20069790,14187692,4071008,1811090
201712,高雄港,9772632,6748636,2658075,365921
201712,臺中港,5592590,4365811,720536,506243
201712,臺北港,2239987,1833146,300583,106258
201712,基隆港,1416853,810561,277452,328840
201712,花蓮港,621524,155510,82800,383214
201712,蘇澳港,313070,215850,22406,74814
201712,安平港,113134,58178,9156,45800
201801,國際商港,21501839,15200343,4289741,2011755
201801,高雄港,9433161,6265449,2824593,343119
201801,臺中港,7179862,5869694,704812,605356
201801,臺北港,2163079,1731483,305917,125679
201801,基隆港,1479850,846275,341080,292495
201801,花蓮港,774471,237333,74994,462144
201801,蘇澳港,380008,206857,24789,148362
201801,安平港,91408,43252,13556,34600
201802,國際商港,17072257,12011660,3526508,1534089
201802,高雄港,8337627,5602031,2432972,302624
201802,臺中港,5101750,4108771,510627,482352
201802,臺北港,1670143,1287125,268433,114585
201802,基隆港,1044658,618435,229735,196488
201802,花蓮港,492569,152859,56430,283280
201802,蘇澳港,339407,198129,19318,121960
201802,安平港,86103,44310,8993,32800
201803,國際商港,21349032,14732512,4367525,2248995
201803,高雄港,11042210,7772615,2871823,397772
201803,臺中港,5992106,4593960,741696,656450
201803,臺北港,1683681,1118532,340999,224150
201803,基隆港,1513962,907691,304518,301753
201803,花蓮港,554479,48968,61100,444411
201803,蘇澳港,425266,201144,38463,185659
201803,安平港,137328,89602,8926,38800
201804,國際商港,19667710,13775328,4000394,1891988
201804,高雄港,9296825,6341399,2583234,372192
201804,臺中港,6350389,5174635,707205,468549
201804,基隆港,1344689,767154,274759,302776
201804,臺北港,1325616,880286,326246,119084
201804,花蓮港,754012,263357,62000,428655
201804,蘇澳港,465339,279044,32463,153832
201804,安平港,130840,69453,14487,46900
201805,國際商港,21168665,14561625,4399555,2207485
201805,高雄港,10268833,7037597,2912661,318575
201805,臺中港,6297796,4975055,722463,600278
201805,臺北港,1749797,1259514,323014,167269
201805,基隆港,1616764,853476,335407,427881
201805,花蓮港,739818,197025,83835,458958
201805,蘇澳港,410007,201079,12900,196028
201805,安平港,85650,37879,9275,38496
201806,國際商港,20839357,14546158,4162000,2131199
201806,高雄港,9814295,6660156,2715702,438437
201806,臺中港,6510849,5337283,678594,494972
201806,基隆港,1630468,965189,303204,362075
201806,臺北港,1488127,989195,336095,162837
201806,花蓮港,867703,279036,78000,510667
201806,蘇澳港,376575,216387,31913,128275
201806,安平港,151340,98912,18492,33936
201807,國際商港,21800496,15491344,4184546,2124606
201807,高雄港,9893101,6729285,2715486,448330
201807,臺中港,7303165,6077780,748272,477113
201807,基隆港,1695842,992663,305855,397324
201807,臺北港,1652824,1192125,313141,147558
201807,花蓮港,679987,130920,74358,474709
201807,蘇澳港,467873,305848,13253,148772
201807,安平港,107704,62723,14181,30800
201808,國際商港,19756028,14047513,3731566,1976949
201808,高雄港,9390976,6600697,2381218,409061
201808,臺中港,6366794,5217076,661571,488147
201808,臺北港,1566448,1145431,292940,128077
201808,基隆港,1384708,760197,318145,306366
201808,花蓮港,596006,79347,66020,450639
201808,蘇澳港,343860,181444,3800,158616
201808,安平港,107236,63321,7872,36043
201809,國際商港,19996936,13881564,4237912,1877460
201809,高雄港,10127610,7008908,2737352,381350
201809,臺中港,5789077,4664703,740678,383696
201809,臺北港,1410510,980186,334894,95430
201809,基隆港,1357442,690029,321211,346202
201809,花蓮港,768137,220874,58400,488863
201809,蘇澳港,416044,244468,26337,145239
201809,安平港,128116,72396,19040,36680
201810,國際商港,22096699,15655489,4359070,2082140
201810,基隆港,1428058,726792,300533,400733
201810,臺中港,7032711,5842700,724244,465767
201810,高雄港,10871913,7661279,2867545,343089
201810,花蓮港,869423,188857,113600,566966
201810,臺北港,1487577,992168,318046,177363
201810,蘇澳港,265482,177580,15180,72722
201810,安平港,141535,66113,19922,55500
201811,國際商港,17210186,11231934,3806151,2172101
201811,基隆港,1375281,712193,299185,363903
201811,臺中港,3465549,2492694,554751,418104
201811,高雄港,9731373,6835721,2525896,369756
201811,花蓮港,715960,88920,104250,522790
201811,臺北港,1418159,893845,287141,237173
201811,蘇澳港,336595,146620,8000,181975
201811,安平港,167269,61941,26928,78400
201812,國際商港,20158089,13970551,4182536,2005002
201812,基隆港,1409779,712905,294107,402767
201812,臺中港,5424148,4363993,705273,354882
201812,高雄港,10589646,7461582,2746785,381279
201812,花蓮港,928392,280730,98795,548867
201812,臺北港,1407927,924942,307716,175269
201812,蘇澳港,263649,166011,4000,93638
201812,安平港,134548,60388,25860,48300
201901,國際商港,20523113,14292797,4071648,2158668
201901,基隆港,1428651,779133,257898,391620
201901,臺中港,6842980,5685471,665501,492008
201901,高雄港,9619573,6473380,2735400,410793
201901,花蓮港,757144,157124,106890,493130
201901,臺北港,1459862,1041974,265092,152796
201901,蘇澳港,302627,110590,23216,168821
201901,安平港,112276,45125,17651,49500
201902,國際商港,13741902,8915051,3219078,1607773
201902,基隆港,817908,330330,230530,257048
201902,臺中港,4290485,3341745,590193,358547
201902,高雄港,6873309,4485343,2003181,384785
201902,花蓮港,477828,34911,102250,340667
201902,臺北港,833097,494022,259433,79642
201902,蘇澳港,357952,189138,15930,152884
201902,安平港,91323,39562,17561,34200
201903,國際商港,20638050,14099563,4595760,1942727
201903,基隆港,1381384,737683,308761,334940
201903,臺中港,5948696,4773440,799478,375778
201903,高雄港,10214040,6924519,2971312,318209
201903,花蓮港,784858,182926,101420,500512
201903,臺北港,1753044,1234195,388380,130469
201903,蘇澳港,411912,166934,15500,229478
201903,安平港,144116,79866,10909,53341
201904,國際商港,19962879,13499523,4333642,2129714
201904,基隆港,1363029,698259,266535,398235
201904,臺中港,5673407,4579887,735758,357762
201904,高雄港,10393700,6941500,2919934,532266
201904,花蓮港,675945,53349,77025,545571
201904,臺北港,1477210,1048096,301661,127453
201904,蘇澳港,244466,122769,15600,106097
201904,安平港,135122,55663,17129,62330
201905,國際商港,19693275,13154620,4407041,2131614
201905,基隆港,1419664,731796,292600,395268
201905,臺中港,5561243,4425684,789673,345886
201905,高雄港,9799552,6339433,2833410,626709
201905,花蓮港,883251,283919,106650,492682
201905,臺北港,1559659,1068451,348078,143130
201905,蘇澳港,321024,209637,21448,89939
201905,安平港,148882,95700,15182,38000
201906,國際商港,20289879,13565105,4656513,2068261
201906,基隆港,1365084,698112,325104,341868
201906,臺中港,6023354,4788897,803198,431259
201906,高雄港,10239957,6624916,3057552,557489
201906,花蓮港,815670,206752,104940,503978
201906,臺北港,1457614,1016636,334771,106207
201906,蘇澳港,287455,187667,12060,87728
201906,安平港,100745,42125,18888,39732
201907,國際商港,21313452,14812848,4287769,2212835
201907,基隆港,1444623,721559,306852,416212
201907,臺中港,6408616,5246241,739045,423330
201907,高雄港,10632416,7285807,2851752,494857
201907,花蓮港,771886,193528,32700,545658
201907,臺北港,1396559,954806,322695,119058
201907,蘇澳港,572979,377223,23280,172476
201907,安平港,86373,33684,11445,41244
201908,國際商港,18867191,12653924,4163492,2049775
201908,基隆港,1154827,529272,272360,353195
201908,臺中港,5766954,4607416,738556,420982
201908,高雄港,9230421,6015600,2694513,520308
201908,花蓮港,723722,143955,95700,484067
201908,臺北港,1516328,1081284,324855,110189
201908,蘇澳港,341902,184473,18995,138434
201908,安平港,133037,91924,18513,22600
201909,國際商港,19407951,13362244,3814958,2230749
201909,基隆港,1263849,607300,265704,390845
201909,臺中港,6365219,5229305,680621,455293
201909,高雄港,9222135,6230119,2437664,554352
201909,花蓮港,638316,87015,88250,463051
201909,臺北港,1413290,943127,318760,151403
201909,蘇澳港,376441,200610,8626,167205
201909,安平港,128701,64768,15333,48600
201910,國際商港,18700199,12373043,3929033,2398123
201910,基隆港,1243554,546788,287442,409324
201910,臺中港,6019818,4724589,796597,498632
201910,高雄港,8807068,5827365,2420278,559425
201910,花蓮港,809098,142245,96625,570228
201910,臺北港,1374417,931926,306129,136362
201910,蘇澳港,291370,109218,15100,167052
201910,安平港,154874,90912,6862,57100
201911,國際商港,18763573,12872218,3680845,2210510
201911,基隆港,1160787,522249,279989,358549
201911,臺中港,5251208,4129412,704234,417562
201911,高雄港,9647508,6761605,2320072,565831
201911,花蓮港,683517,84006,42400,557111
201911,臺北港,1422982,997715,319695,105572
201911,蘇澳港,458601,294216,6000,158385
201911,安平港,138970,83015,8455,47500
201912,國際商港,18944005,12652851,4000080,2291074
201912,基隆港,1347791,645491,290954,411346
201912,臺中港,5439928,4162171,772135,505622
201912,高雄港,9345150,6252680,2522489,569981
201912,花蓮港,812484,199714,73110,539660
201912,臺北港,1569971,1175717,299191,95063
201912,蘇澳港,282986,155549,24835,102602
201912,安平港,145695,61529,17366,66800
202001,國際商港,15596668,9987740,3667976,1940952
202001,基隆港,1100833,551354,233741,315738
202001,臺中港,3581187,2735595,630103,215489
202001,高雄港,8770331,5798024,2372003,600304
202001,花蓮港,619898,88619,77800,453479
202001,臺北港,1079482,666793,307429,105260
202001,蘇澳港,325129,97994,27253,199882
202001,安平港,119808,49361,19647,50800
202002,國際商港,18740643,12975946,3799753,1964944
202002,基隆港,1050065,410246,205358,434461
202002,臺中港,6152447,5229149,705156,218142
202002,高雄港,9084338,6046887,2512777,524674
202002,花蓮港,704866,159054,57300,488512
202002,臺北港,1141420,722726,294763,123931
202002,蘇澳港,478355,336646,14846,126863
202002,安平港,129152,71238,9553,48361
202003,國際商港,20276115,13477138,4326217,2472760
202003,基隆港,1449971,695515,271038,483418
202003,臺中港,5619466,4454007,727502,437957
202003,高雄港,9909960,6550915,2865080,493965
202003,花蓮港,899305,224806,70180,604319
202003,臺北港,1830843,1321832,363513,145498
202003,蘇澳港,360214,164490,17365,178359
202003,安平港,206356,65573,11539,129244
202004,國際商港,19609270,13846258,3327661,2435351
202004,基隆港,1467231,718269,220689,528273
202004,臺中港,6744720,5663323,647035,434362
202004,高雄港,8778226,6117634,2164465,496127
202004,花蓮港,722897,143899,0,578998
202004,臺北港,1484011,1020219,274267,189525
202004,蘇澳港,295972,131506,15000,149466
202004,安平港,116213,51408,6205,58600
202005,國際商港,18958635,12977546,3572376,2408713
202005,基隆港,1369513,658179,251140,460194
202005,臺中港,5882289,4769740,683554,428995
202005,高雄港,8721520,5914369,2217703,589448
202005,花蓮港,880066,221755,116050,542261
202005,臺北港,1605491,1112552,262812,230127
202005,蘇澳港,354777,213519,33070,108188
202005,安平港,144979,87432,8047,49500
202006,國際商港,18845268,12886520,3496481,2462267
202006,基隆港,1370021,597073,265047,507901
202006,臺中港,5914046,4729351,738295,446400
202006,高雄港,8787957,6062647,2131591,593719
202006,花蓮港,751746,110109,87270,554367
202006,臺北港,1519042,1118673,244099,156270
202006,蘇澳港,382046,210636,13300,158110
202006,安平港,120410,58031,16879,45500
202007,國際商港,19161682,12887402,3686418,2587862
202007,基隆港,1519056,683450,263268,572338
202007,臺中港,5708395,4499067,746893,462435
202007,高雄港,9249653,6460278,2198885,590490
202007,花蓮港,747895,73665,137932,536298
202007,臺北港,1465740,944769,310529,210442
202007,蘇澳港,353589,172191,14900,166498
202007,安平港,117354,53982,14011,49361
202008,國際商港,20733810,14624222,3797944,2311644
202008,基隆港,1410913,565135,275749,570029
202008,臺中港,7131356,5996665,754423,380268
202008,高雄港,9047513,6237205,2351442,458866
202008,花蓮港,760220,202922,60000,497298
202008,臺北港,1717904,1240401,288174,189329
202008,蘇澳港,548471,315419,58559,174493
202008,安平港,117433,66475,9597,41361
202009,國際商港,18516948,12589417,3728773,2198758
202009,基隆港,1288637,579659,262524,446454
202009,臺中港,6151120,4993861,729814,427445
202009,高雄港,8603478,5735225,2290829,577424
202009,花蓮港,699053,91982,115730,491341
202009,臺北港,1465614,1046235,291218,128161
202009,蘇澳港,212408,90084,32733,89591
202009,安平港,96638,52371,5925,38342
202010,國際商港,19328424,12882000,4141575,2304849
202010,基隆港,1371071,636770,282024,452277
202010,臺中港,6002671,4727002,829371,446298
202010,高雄港,9281852,6100270,2600997,580585
202010,花蓮港,743845,132645,81088,530112
202010,臺北港,1470058,1052995,319383,97680
202010,蘇澳港,343124,190408,19200,133516
202010,安平港,115803,41910,9512,64381
202011,國際商港,19819002,13321407,4051838,2445757
202011,基隆港,1353642,560244,313808,479590
202011,臺中港,6120572,4734065,852515,533992
202011,高雄港,9751625,6601565,2535421,614639
202011,花蓮港,738904,189685,60685,488534
202011,臺北港,1471868,997051,279949,194868
202011,蘇澳港,238328,158978,6360,72990
202011,安平港,144063,79819,3100,61144
202012,國際商港,18830277,12077457,3938967,2813853
202012,基隆港,1440007,640119,325657,474231
202012,臺中港,5874355,4579728,766420,528207
202012,高雄港,8562967,5330922,2480955,751090
202012,花蓮港,881297,182088,37080,662129
202012,臺北港,1638633,1080591,309715,248327
202012,蘇澳港,281909,197517,12090,72302
202012,安平港,151109,66492,7050,77567
202101,國際商港,21156697,13758689,4200785,3197223
202101,基隆港,1410494,648874,289758,471862
202101,臺中港,5897939,4551509,788833,557597
202101,高雄港,10533904,6843286,2617342,1073276
202101,花蓮港,909679,185840,119936,603903
202101,臺北港,1898876,1263594,355795,279487
202101,蘇澳港,353823,190911,19770,143142
202101,安平港,151982,74675,9351,67956
202102,國際商港,17255807,11694962,3434895,2125950
202102,基隆港,1064314,506600,225182,332532
202102,臺中港,4746539,3792898,607888,345753
202102,高雄港,9023678,6167475,2209171,647032
202102,花蓮港,589806,121606,84430,383770
202102,臺北港,1283224,817928,287436,177860
202102,蘇澳港,377338,224847,12362,140129
202102,安平港,170908,63608,8426,98874
202103,國際商港,21856520,14702062,4426571,2727887
202103,基隆港,1506885,690800,331086,484999
202103,臺中港,6347535,5185610,778768,383157
202103,高雄港,10900332,7199520,2874244,826568
202103,花蓮港,822356,176898,73052,572406
202103,臺北港,1704917,1229559,344544,130814
202103,蘇澳港,381898,143376,13800,224722
202103,安平港,192597,76299,11077,105221
202104,國際商港,21500837,14779096,4039921,2681820
202104,基隆港,1310390,617731,283874,408785
202104,臺中港,6036835,4891684,690657,454494
202104,高雄港,10936439,7492262,2660352,783825
202104,花蓮港,742677,220696,60800,461181
202104,臺北港,1852192,1237706,325222,289264
202104,蘇澳港,363092,228517,13015,121560
202104,安平港,259212,90500,6001,162711
202105,國際商港,22596529,15006547,4634680,2955302
202105,基隆港,1494469,703414,316655,474400
202105,臺中港,6652196,5439880,761188,451128
202105,高雄港,11217231,7286189,3091344,839698
202105,花蓮港,797280,180168,65870,551242
202105,臺北港,1938444,1180935,380230,377279
202105,蘇澳港,297486,150432,11892,135162
202105,安平港,199423,65529,7501,126393
202106,國際商港,20853260,14329686,3895191,2628383
202106,基隆港,1348891,687786,248255,412850
202106,臺中港,5745922,4806428,610341,329153
202106,高雄港,10954665,7412244,2651889,890532
202106,花蓮港,688650,146528,42200,499922
202106,臺北港,1691965,1094623,310279,287063
202106,蘇澳港,267396,110445,24765,132186
202106,安平港,155771,71632,7462,76677
202107,國際商港,20407642,13579992,4288015,2539635
202107,基隆港,1347768,650846,297963,398959
202107,臺中港,6660248,5563896,695161,401191
202107,高雄港,9438866,5854950,2891747,692169
202107,花蓮港,672125,163838,39197,469090
202107,臺北港,1761783,1063879,326536,371368
202107,蘇澳港,391814,217971,33408,140435
202107,安平港,135038,64612,4003,66423
202108,國際商港,20546323,13737505,3964428,2844390
202108,基隆港,1443885,769853,319206,354826
202108,臺中港,6442305,5305022,700222,437061
202108,高雄港,9723614,6505748,2482935,734931
202108,花蓮港,728293,104287,100162,523844
202108,臺北港,1686312,769302,316243,600767
202108,蘇澳港,409679,229047,33333,147299
202108,安平港,112235,54246,12327,45662
202109,國際商港,20189360,13230944,3753168,3205248
202109,基隆港,1364684,621076,291587,452021
202109,臺中港,6531525,5451576,601907,478042
202109,高雄港,8876605,5653218,2474502,748885
202109,花蓮港,809028,265811,37870,505347
202109,臺北港,2075630,985649,310259,779722
202109,蘇澳港,408416,203307,32043,173066
202109,安平港,123472,50307,5000,68165
202110,國際商港,20044371,13432534,4059051,2552786
202110,基隆港,1175596,512099,281665,381832
202110,臺中港,6117407,4918501,824824,374082
202110,高雄港,9645685,6386253,2585573,673859
202110,花蓮港,629092,138540,0,490552
202110,臺北港,1986753,1194921,323520,468312
202110,蘇澳港,330135,216403,36329,77403
202110,安平港,159703,65817,7140,86746
202111,國際商港,21227551,14534198,4263448,2429905
202111,基隆港,1663289,731175,336817,595297
202111,臺中港,6695979,5606979,746753,342247
202111,高雄港,10122155,6668729,2766748,686678
202111,花蓮港,816405,260181,36360,519864
202111,臺北港,1497662,1040516,336470,120676
202111,蘇澳港,269853,143688,26935,99230
202111,安平港,162208,82930,13365,65913